0 0.853515625 0.6357421875 0.0908203125 0.1318359375
0 0.66015625 0.791015625 0.2080078125 0.189453125
0 0.544921875 0.9169921875 0.25390625 0.1494140625
0 0.234375 0.9033203125 0.1982421875 0.1875
0 0.140625 0.7587890625 0.1181640625 0.1689453125
0 0.0595703125 0.7412109375 0.103515625 0.1591796875
0 0.0224609375 0.765625 0.0400390625 0.1337890625
2 0.7392578125 0.4326171875 0.064453125 0.056640625
1 0.4130859375 0.3505859375 0.017578125 0.0166015625
1 0.3798828125 0.34375 0.0146484375 0.0166015625
1 0.3984375 0.34765625 0.0068359375 0.0146484375