1 0.1083984375 0.845703125 0.056640625 0.072265625
1 0.740234375 0.9375 0.0712890625 0.0908203125
1 0.8544921875 0.7431640625 0.0615234375 0.076171875
0 0.8486328125 0.6396484375 0.1005859375 0.1298828125
0 0.0498046875 0.7412109375 0.09765625 0.1591796875
0 0.1328125 0.755859375 0.1181640625 0.1708984375
0 0.703125 0.837890625 0.2119140625 0.2353515625
2 0.73828125 0.4306640625 0.0615234375 0.0556640625
1 0.376953125 0.34375 0.013671875 0.0166015625
1 0.3896484375 0.3466796875 0.0166015625 0.0205078125
1 0.4111328125 0.349609375 0.0185546875 0.0205078125