0 0.84375 0.87890625 0.123046875 0.2373046875
0 0.0078125 0.603515625 0.0146484375 0.0810546875
2 0.2333984375 0.5634765625 0.060546875 0.0810546875
2 0.1630859375 0.505859375 0.033203125 0.048828125
2 0.4716796875 0.4677734375 0.0869140625 0.0625
2 0.4345703125 0.5439453125 0.0791015625 0.0771484375
2 0.3671875 0.431640625 0.068359375 0.04296875
2 0.265625 0.4248046875 0.0712890625 0.0546875
2 0.2294921875 0.4130859375 0.04296875 0.04296875
2 0.271484375 0.388671875 0.037109375 0.0361328125
2 0.8388671875 0.400390625 0.0712890625 0.060546875
2 0.29296875 0.5830078125 0.0478515625 0.0673828125
