0 0.69140625 0.84375 0.212890625 0.25
0 0.83203125 0.8857421875 0.1396484375 0.2265625
2 0.232421875 0.5673828125 0.0595703125 0.07421875
2 0.16015625 0.5029296875 0.03125 0.048828125
2 0.2939453125 0.5791015625 0.0615234375 0.0732421875
2 0.43359375 0.54296875 0.07421875 0.0673828125
2 0.4677734375 0.46875 0.0869140625 0.0625
2 0.4599609375 0.431640625 0.0478515625 0.029296875
2 0.2666015625 0.4296875 0.0673828125 0.0693359375
2 0.271484375 0.3857421875 0.0361328125 0.0322265625
2 0.232421875 0.4091796875 0.044921875 0.048828125
2 0.8408203125 0.4033203125 0.0634765625 0.05859375
2 0.3623046875 0.4365234375 0.0654296875 0.0615234375
0 0.0078125 0.6064453125 0.0146484375 0.078125
