0 0.84375 0.642578125 0.1181640625 0.142578125
0 0.1904296875 0.9755859375 0.06640625 0.048828125
0 0.1220703125 0.8271484375 0.15234375 0.19921875
0 0.1064453125 0.7216796875 0.11328125 0.1376953125
0 0.013671875 0.611328125 0.025390625 0.0791015625
0 0.0849609375 0.8701171875 0.1474609375 0.234375
2 0.740234375 0.4296875 0.064453125 0.0537109375
1 0.41796875 0.3505859375 0.0205078125 0.0205078125
1 0.3798828125 0.3427734375 0.0185546875 0.0146484375
1 0.3994140625 0.3466796875 0.0146484375 0.0185546875
