0 0.076171875 0.8779296875 0.103515625 0.146484375
1 0.0166015625 0.78125 0.033203125 0.06640625
0 0.0087890625 0.5986328125 0.0166015625 0.08984375
2 0.2314453125 0.560546875 0.0576171875 0.0673828125
2 0.1611328125 0.5048828125 0.03515625 0.0478515625
2 0.431640625 0.546875 0.0751953125 0.078125
2 0.4716796875 0.4677734375 0.087890625 0.068359375
2 0.2939453125 0.572265625 0.0546875 0.0771484375
2 0.2744140625 0.4248046875 0.076171875 0.0595703125
2 0.23046875 0.4140625 0.0478515625 0.0478515625
2 0.2705078125 0.3876953125 0.0380859375 0.0322265625
2 0.83984375 0.4052734375 0.068359375 0.0732421875
0 0.830078125 0.884765625 0.1376953125 0.228515625
3 0.5263671875 0.8037109375 0.02734375 0.05859375
2 0.3662109375 0.43359375 0.060546875 0.060546875
