0 0.8330078125 0.8857421875 0.1318359375 0.2265625
0 0.0078125 0.603515625 0.015625 0.07421875
2 0.435546875 0.54296875 0.076171875 0.0712890625
2 0.2939453125 0.5791015625 0.048828125 0.0634765625
2 0.2314453125 0.564453125 0.0537109375 0.07421875
2 0.1591796875 0.50390625 0.0322265625 0.0458984375
2 0.4716796875 0.4697265625 0.087890625 0.068359375
2 0.458984375 0.43359375 0.0478515625 0.0390625
2 0.841796875 0.40625 0.0634765625 0.0537109375
2 0.26953125 0.423828125 0.064453125 0.0576171875
2 0.23046875 0.41015625 0.0400390625 0.041015625
2 0.26953125 0.3896484375 0.04296875 0.033203125
