0 0.1083984375 0.7275390625 0.1142578125 0.1669921875
0 0.01171875 0.6103515625 0.0224609375 0.09765625
0 0.859375 0.703125 0.076171875 0.15234375
0 0.744140625 0.80859375 0.19140625 0.2255859375
0 0.6669921875 0.8017578125 0.2119140625 0.2080078125
1 0.6318359375 0.9404296875 0.0859375 0.09765625
2 0.740234375 0.4326171875 0.0703125 0.05859375
2 0.3837890625 0.345703125 0.021484375 0.025390625
1 0.416015625 0.349609375 0.01953125 0.017578125
1 0.3974609375 0.3447265625 0.0087890625 0.0185546875
