2 0.73828125 0.4326171875 0.0673828125 0.060546875
2 0.7666015625 0.8017578125 0.1201171875 0.1748046875
1 0.6650390625 0.916015625 0.0791015625 0.0947265625
1 0.0244140625 0.7373046875 0.0439453125 0.0498046875
0 0.66796875 0.80078125 0.2080078125 0.21484375
0 0.107421875 0.7294921875 0.111328125 0.154296875
0 0.0888671875 0.87890625 0.1396484375 0.2109375
0 0.009765625 0.6123046875 0.01953125 0.083984375
1 0.4150390625 0.349609375 0.0244140625 0.025390625
1 0.3798828125 0.3427734375 0.0185546875 0.021484375
1 0.396484375 0.345703125 0.01171875 0.017578125
