2 0.572265625 0.9287109375 0.1572265625 0.1396484375
0 0.8427734375 0.642578125 0.10546875 0.1376953125
0 0.67578125 0.95703125 0.1171875 0.083984375
0 0.1083984375 0.7275390625 0.1083984375 0.1669921875
0 0.0126953125 0.6123046875 0.025390625 0.09765625
0 0.05859375 0.833984375 0.1171875 0.1953125
2 0.73828125 0.423828125 0.0712890625 0.052734375
1 0.380859375 0.34375 0.0146484375 0.015625
1 0.4150390625 0.3505859375 0.0185546875 0.017578125
1 0.3974609375 0.3447265625 0.013671875 0.0166015625
