0 0.01171875 0.615234375 0.0234375 0.0869140625
0 0.107421875 0.73046875 0.12109375 0.1728515625
1 0.638671875 0.9345703125 0.099609375 0.1015625
2 0.767578125 0.904296875 0.1005859375 0.1455078125
2 0.7470703125 0.8154296875 0.1220703125 0.1884765625
0 0.666015625 0.80078125 0.203125 0.21484375
0 0.8837890625 0.7236328125 0.0185546875 0.115234375
2 0.7392578125 0.431640625 0.0732421875 0.0625
1 0.4169921875 0.349609375 0.01953125 0.017578125
1 0.400390625 0.3466796875 0.0126953125 0.015625
1 0.3818359375 0.34375 0.017578125 0.0146484375
