0 0.833984375 0.8818359375 0.142578125 0.2353515625
2 0.4326171875 0.54296875 0.0791015625 0.076171875
2 0.2314453125 0.56640625 0.060546875 0.07421875
2 0.16015625 0.5048828125 0.0361328125 0.0517578125
2 0.2294921875 0.4111328125 0.046875 0.04296875
2 0.2744140625 0.384765625 0.0400390625 0.0341796875
2 0.271484375 0.419921875 0.07421875 0.0634765625
2 0.4716796875 0.4677734375 0.0859375 0.0625
2 0.365234375 0.431640625 0.0654296875 0.0576171875
2 0.8359375 0.3984375 0.076171875 0.0615234375
0 0.0087890625 0.61328125 0.017578125 0.0859375