1 0.05859375 0.7919921875 0.0458984375 0.0654296875
2 0.15234375 0.947265625 0.083984375 0.10546875
0 0.1337890625 0.76171875 0.1279296875 0.181640625
0 0.869140625 0.7734375 0.0537109375 0.158203125
0 0.84765625 0.6298828125 0.1005859375 0.1357421875
0 0.8466796875 0.7080078125 0.1025390625 0.1708984375
0 0.693359375 0.8583984375 0.2109375 0.2373046875
0 0.6298828125 0.826171875 0.22265625 0.2197265625
2 0.7392578125 0.4326171875 0.0615234375 0.0537109375
1 0.41015625 0.345703125 0.015625 0.01953125
1 0.376953125 0.345703125 0.0126953125 0.0107421875