0 0.865234375 0.6806640625 0.076171875 0.142578125
0 0.8369140625 0.8857421875 0.130859375 0.2275390625
2 0.1591796875 0.5029296875 0.03515625 0.044921875
2 0.232421875 0.5634765625 0.052734375 0.0771484375
2 0.4345703125 0.54296875 0.078125 0.080078125
2 0.29296875 0.57421875 0.0556640625 0.0712890625
2 0.4716796875 0.46875 0.0869140625 0.0634765625
2 0.4599609375 0.4326171875 0.0458984375 0.04296875
2 0.271484375 0.42578125 0.0703125 0.060546875
2 0.2314453125 0.4111328125 0.0400390625 0.0400390625
2 0.2724609375 0.384765625 0.0400390625 0.0380859375
2 0.83984375 0.404296875 0.0673828125 0.068359375
0 0.0078125 0.607421875 0.015625 0.07421875
