0 0.009765625 0.609375 0.01953125 0.078125
0 0.8369140625 0.8857421875 0.1337890625 0.2265625
2 0.439453125 0.54296875 0.0771484375 0.0791015625
2 0.470703125 0.4716796875 0.0859375 0.0703125
2 0.841796875 0.40234375 0.0634765625 0.0576171875
2 0.1591796875 0.50390625 0.0380859375 0.046875
2 0.2666015625 0.4287109375 0.0703125 0.064453125
2 0.23046875 0.4130859375 0.044921875 0.0419921875
2 0.26953125 0.388671875 0.0390625 0.0361328125
2 0.369140625 0.435546875 0.0625 0.0595703125
2 0.29296875 0.576171875 0.048828125 0.064453125
2 0.228515625 0.5654296875 0.0634765625 0.0771484375
