3 0.640625 0.9375 0.037109375 0.0830078125
0 0.1943359375 0.88671875 0.1884765625 0.2236328125
0 0.0185546875 0.744140625 0.037109375 0.1162109375
0 0.6513671875 0.810546875 0.2080078125 0.2431640625
2 0.16015625 0.501953125 0.03125 0.041015625
2 0.232421875 0.5654296875 0.060546875 0.0830078125
2 0.2939453125 0.580078125 0.048828125 0.068359375
2 0.8427734375 0.40234375 0.0634765625 0.0595703125
2 0.4716796875 0.4697265625 0.0810546875 0.0615234375
2 0.26953125 0.42578125 0.0654296875 0.056640625
2 0.232421875 0.408203125 0.044921875 0.0390625
2 0.2724609375 0.3857421875 0.041015625 0.0380859375
2 0.43359375 0.546875 0.078125 0.0751953125
2 0.365234375 0.435546875 0.0634765625 0.0634765625
