2 0.7412109375 0.4306640625 0.0673828125 0.0546875
3 0.759765625 0.9375 0.0283203125 0.083984375
3 0.3798828125 0.9306640625 0.03515625 0.0791015625
3 0.416015625 0.740234375 0.013671875 0.0576171875
1 0.3798828125 0.34375 0.0126953125 0.017578125
1 0.4169921875 0.3505859375 0.0166015625 0.01953125
1 0.3994140625 0.345703125 0.0146484375 0.01953125
0 0.6689453125 0.802734375 0.2060546875 0.208984375
0 0.1083984375 0.728515625 0.115234375 0.1611328125
0 0.0126953125 0.611328125 0.0205078125 0.0849609375
0 0.0859375 0.87890625 0.1455078125 0.2197265625
