0 0.1708984375 0.9482421875 0.12890625 0.1025390625
0 0.0087890625 0.599609375 0.017578125 0.0810546875
0 0.83984375 0.8857421875 0.1328125 0.2275390625
2 0.43359375 0.5400390625 0.0849609375 0.0634765625
2 0.2314453125 0.5634765625 0.0556640625 0.076171875
2 0.1572265625 0.4990234375 0.0419921875 0.0478515625
2 0.2919921875 0.5791015625 0.0478515625 0.0771484375
2 0.2685546875 0.4228515625 0.0703125 0.0546875
2 0.2314453125 0.4140625 0.046875 0.04296875
2 0.271484375 0.3857421875 0.041015625 0.03515625
2 0.83984375 0.40625 0.064453125 0.0595703125
2 0.4716796875 0.4736328125 0.0869140625 0.0732421875
2 0.4599609375 0.431640625 0.0458984375 0.0400390625
2 0.3671875 0.431640625 0.0634765625 0.0576171875
