3 0.64453125 0.9326171875 0.056640625 0.0966796875
2 0.1572265625 0.5029296875 0.037109375 0.05078125
2 0.2314453125 0.5625 0.060546875 0.083984375
2 0.294921875 0.576171875 0.0556640625 0.0654296875
2 0.4375 0.5390625 0.0830078125 0.060546875
2 0.47265625 0.4697265625 0.0869140625 0.0693359375
2 0.455078125 0.4306640625 0.060546875 0.044921875
2 0.26953125 0.427734375 0.0576171875 0.048828125
2 0.2314453125 0.408203125 0.0439453125 0.037109375
2 0.271484375 0.388671875 0.037109375 0.033203125
2 0.83984375 0.4033203125 0.0673828125 0.0634765625
2 0.3662109375 0.4345703125 0.060546875 0.0546875
