0 0.06640625 0.7607421875 0.1220703125 0.18359375
0 0.8359375 0.87890625 0.130859375 0.240234375
0 0.0078125 0.6025390625 0.015625 0.080078125
2 0.16015625 0.50390625 0.033203125 0.04296875
2 0.2294921875 0.56640625 0.060546875 0.0732421875
2 0.2919921875 0.578125 0.0537109375 0.0771484375
2 0.4345703125 0.5458984375 0.080078125 0.0771484375
2 0.4697265625 0.466796875 0.0830078125 0.0576171875
2 0.26953125 0.427734375 0.064453125 0.0615234375
2 0.23046875 0.4150390625 0.0439453125 0.046875
2 0.271484375 0.388671875 0.044921875 0.033203125
2 0.8388671875 0.400390625 0.0712890625 0.064453125
2 0.3671875 0.431640625 0.06640625 0.0498046875
