0 0.6455078125 0.8134765625 0.2177734375 0.24609375
0 0.0810546875 0.7578125 0.1357421875 0.171875
0 0.05859375 0.8291015625 0.1171875 0.2080078125
2 0.2314453125 0.5625 0.0576171875 0.07421875
2 0.1650390625 0.50390625 0.0322265625 0.0390625
2 0.435546875 0.54296875 0.07421875 0.0791015625
2 0.470703125 0.4677734375 0.09375 0.060546875
2 0.4609375 0.431640625 0.0537109375 0.0400390625
2 0.3681640625 0.43359375 0.072265625 0.0537109375
2 0.26953125 0.4208984375 0.07421875 0.05859375
2 0.2294921875 0.4072265625 0.041015625 0.0419921875
2 0.2724609375 0.38671875 0.0380859375 0.037109375
2 0.83984375 0.400390625 0.0634765625 0.044921875