0 0.009765625 0.5986328125 0.01953125 0.087890625
1 0.0244140625 0.8017578125 0.041015625 0.068359375
2 0.078125 0.8662109375 0.087890625 0.1484375
0 0.380859375 0.9365234375 0.37109375 0.126953125
0 0.669921875 0.7958984375 0.2197265625 0.2314453125
1 0.892578125 0.673828125 0.02734375 0.060546875
2 0.1611328125 0.61328125 0.0830078125 0.0927734375
2 0.2470703125 0.6630859375 0.095703125 0.1015625
2 0.8388671875 0.40234375 0.0712890625 0.0546875
2 0.26953125 0.388671875 0.037109375 0.033203125
2 0.2587890625 0.4130859375 0.0283203125 0.0380859375
