0 0.0869140625 0.8916015625 0.13671875 0.193359375
0 0.0087890625 0.603515625 0.017578125 0.0830078125
0 0.8369140625 0.8818359375 0.134765625 0.2353515625
1 0.017578125 0.779296875 0.0322265625 0.0712890625
3 0.4296875 0.81640625 0.03515625 0.0712890625
2 0.43359375 0.5439453125 0.0791015625 0.0810546875
2 0.29296875 0.578125 0.0498046875 0.080078125
2 0.2275390625 0.5634765625 0.060546875 0.0771484375
2 0.1591796875 0.5009765625 0.0361328125 0.0458984375
2 0.228515625 0.4111328125 0.048828125 0.044921875
2 0.26953125 0.3876953125 0.0390625 0.0390625
2 0.2705078125 0.42578125 0.064453125 0.0615234375
2 0.8427734375 0.408203125 0.0693359375 0.068359375
2 0.4697265625 0.470703125 0.091796875 0.068359375
2 0.455078125 0.4296875 0.052734375 0.041015625
2 0.365234375 0.4326171875 0.068359375 0.052734375
