3 0.6630859375 0.9169921875 0.0517578125 0.080078125
0 0.650390625 0.8115234375 0.212890625 0.2451171875
0 0.0615234375 0.8310546875 0.123046875 0.216796875
2 0.8427734375 0.40234375 0.078125 0.0615234375
2 0.431640625 0.541015625 0.0771484375 0.0732421875
2 0.23046875 0.5654296875 0.060546875 0.0771484375
2 0.296875 0.578125 0.0556640625 0.0732421875
2 0.1640625 0.5068359375 0.03515625 0.044921875
2 0.4716796875 0.4697265625 0.083984375 0.0625
2 0.4560546875 0.4306640625 0.052734375 0.033203125
2 0.2705078125 0.423828125 0.0654296875 0.0625
2 0.2294921875 0.4091796875 0.041015625 0.0419921875
2 0.2734375 0.38671875 0.0361328125 0.037109375
2 0.365234375 0.43359375 0.0625 0.0595703125