2 0.8486328125 0.5576171875 0.05859375 0.052734375
2 0.7392578125 0.4306640625 0.0634765625 0.0517578125
1 0.8583984375 0.8037109375 0.06640625 0.06640625
0 0.6298828125 0.83203125 0.2158203125 0.2353515625
0 0.013671875 0.61328125 0.0244140625 0.0927734375
0 0.013671875 0.755859375 0.025390625 0.076171875
1 0.7001953125 0.390625 0.0224609375 0.0185546875
1 0.4189453125 0.3505859375 0.017578125 0.017578125
1 0.400390625 0.34765625 0.013671875 0.0185546875
1 0.3818359375 0.3427734375 0.013671875 0.0205078125
