0 0.009765625 0.6044921875 0.01953125 0.0693359375
0 0.1171875 0.74609375 0.138671875 0.19140625
0 0.8349609375 0.87890625 0.138671875 0.240234375
2 0.2333984375 0.5625 0.0537109375 0.080078125
2 0.4345703125 0.54296875 0.0732421875 0.0771484375
2 0.1611328125 0.501953125 0.0361328125 0.0517578125
2 0.4697265625 0.4716796875 0.0869140625 0.0634765625
2 0.462890625 0.4306640625 0.056640625 0.037109375
2 0.2724609375 0.423828125 0.07421875 0.0615234375
2 0.2314453125 0.408203125 0.048828125 0.0380859375
2 0.271484375 0.3818359375 0.0390625 0.046875
2 0.8408203125 0.40625 0.064453125 0.052734375
2 0.365234375 0.4365234375 0.060546875 0.060546875