0 0.8828125 0.625 0.05078125 0.119140625
3 0.6416015625 0.939453125 0.0400390625 0.087890625
2 0.232421875 0.56640625 0.052734375 0.078125
2 0.16015625 0.501953125 0.033203125 0.0458984375
2 0.435546875 0.5419921875 0.080078125 0.07421875
2 0.4736328125 0.47265625 0.08984375 0.068359375
2 0.4599609375 0.4306640625 0.052734375 0.03515625
2 0.3671875 0.4345703125 0.0654296875 0.046875
2 0.2685546875 0.4267578125 0.0634765625 0.046875
2 0.2294921875 0.408203125 0.048828125 0.0400390625
2 0.2744140625 0.388671875 0.04296875 0.0361328125
2 0.8359375 0.4052734375 0.076171875 0.0625
2 0.294921875 0.5791015625 0.0546875 0.0693359375