2 0.155729166015625 0.671296296875 0.158854166015625 0.667592591796875 0.1609375 0.658333333984375 0.165104166015625 0.662037037109375 0.1765625 0.656481482421875 0.181770833984375 0.657407408203125 0.205208333984375 0.64537037109375 0.210416666015625 0.634259259765625 0.2109375 0.591666666015625 0.195833333984375 0.587037037109375 0.179479166015625 0.593518517578125 0.153645833984375 0.59722222265625 0.150520833984375 0.60092592578125 0.144010416015625 0.622685185546875 0.127604166015625 0.65 0.127083333984375 0.658333333984375 0.130208333984375 0.668518517578125 0.1421875 0.67222222265625 0.155729166015625 0.671296296875
2 0.243229166015625 0.69537037109375 0.244791666015625 0.687962962890625 0.268229166015625 0.682407408203125 0.279166666015625 0.671296296875 0.284375 0.661111111328125 0.286979166015625 0.65092592578125 0.284375 0.62777777734375 0.277604166015625 0.6194444453125 0.272395833984375 0.618518517578125 0.227083333984375 0.637962962890625 0.219791666015625 0.64722222265625 0.2125 0.6694444453125 0.206770833984375 0.678703703125 0.2078125 0.69537037109375 0.219270833984375 0.7055555546875 0.238020833984375 0.70092592578125 0.243229166015625 0.69537037109375
2 0.152604166015625 0.6 0.172395833984375 0.592592591796875 0.193229166015625 0.589814814453125 0.1953125 0.585185185546875 0.1921875 0.57962962890625 0.182291666015625 0.578703703125 0.145833333984375 0.590740740234375 0.138541666015625 0.6 0.132291666015625 0.618518517578125 0.1265625 0.6268518515625 0.1265625 0.635185185546875 0.130208333984375 0.640740740234375 0.14375 0.62222222265625 0.152604166015625 0.6
2 0.663020833984375 0.487962962890625 0.661458333984375 0.4694444453125 0.655208333984375 0.465740740234375 0.6390625 0.465740740234375 0.6125 0.475 0.605729166015625 0.481481482421875 0.597395833984375 0.50092592578125 0.5984375 0.532407408203125 0.620833333984375 0.5268518515625 0.659895833984375 0.5018518515625 0.663020833984375 0.487962962890625
2 0.834895833984375 0.42037037109375 0.847395833984375 0.412037037109375 0.858333333984375 0.421296296875 0.869270833984375 0.42407407421875 0.871875 0.421296296875 0.876041666015625 0.39907407421875 0.873958333984375 0.390740740234375 0.867708333984375 0.382407408203125 0.8578125 0.378703703125 0.841666666015625 0.375 0.816666666015625 0.37777777734375 0.808854166015625 0.382407408203125 0.808854166015625 0.40092592578125 0.827604166015625 0.407407408203125 0.827604166015625 0.421296296875 0.834895833984375 0.42037037109375
2 0.4578125 0.5481481484375 0.458333333984375 0.517592591796875 0.4546875 0.512962962890625 0.448958333984375 0.512962962890625 0.420833333984375 0.521296296875 0.4140625 0.52592592578125 0.402083333984375 0.54722222265625 0.403125 0.556481482421875 0.420833333984375 0.566666666015625 0.452604166015625 0.561111111328125 0.4578125 0.5481481484375
2 0.225 0.585185185546875 0.234375 0.587962962890625 0.2375 0.592592591796875 0.250520833984375 0.586111111328125 0.25625 0.578703703125 0.255729166015625 0.57037037109375 0.248958333984375 0.55092592578125 0.241145833984375 0.538888888671875 0.225520833984375 0.532407408203125 0.203125 0.536111111328125 0.203125 0.540740740234375 0.209895833984375 0.54722222265625 0.2078125 0.562962962890625 0.225 0.585185185546875
2 0.120833333984375 0.442592591796875 0.117708333984375 0.437962962890625 0.1078125 0.437962962890625 0.080729166015625 0.443518517578125 0.077083333984375 0.45092592578125 0.069791666015625 0.456481482421875 0.069791666015625 0.47592592578125 0.085416666015625 0.484259259765625 0.115625 0.47222222265625 0.120833333984375 0.442592591796875
1 0.0953125 0.737037037109375 0.0984375 0.728703703125 0.0984375 0.7194444453125 0.0953125 0.710185185546875 0.084895833984375 0.6981481484375 0.0703125 0.69907407421875 0.061458333984375 0.708333333984375 0.0625 0.72777777734375 0.06875 0.72962962890625 0.077083333984375 0.739814814453125 0.0953125 0.737037037109375
1 0.7921875 0.90277777734375 0.797395833984375 0.906481482421875 0.801041666015625 0.90462962890625 0.805208333984375 0.893518517578125 0.8125 0.886111111328125 0.825 0.87962962890625 0.828645833984375 0.862037037109375 0.827083333984375 0.8518518515625 0.822395833984375 0.8444444453125 0.792708333984375 0.838888888671875 0.78125 0.8481481484375 0.76875 0.868518517578125 0.765104166015625 0.8805555546875 0.7671875 0.89537037109375 0.781770833984375 0.903703703125 0.7921875 0.90277777734375
0 0.8015625 0.693518517578125 0.822916666015625 0.703703703125 0.845833333984375 0.69537037109375 0.881770833984375 0.665740740234375 0.894791666015625 0.662962962890625 0.897916666015625 0.64537037109375 0.896875 0.606481482421875 0.8984375 0.587037037109375 0.89375 0.57962962890625 0.876041666015625 0.5805555546875 0.861979166015625 0.588888888671875 0.848958333984375 0.603703703125 0.834375 0.6055555546875 0.817708333984375 0.615740740234375 0.8 0.636111111328125 0.796354166015625 0.653703703125 0.8 0.675 0.799479166015625 0.689814814453125 0.8015625 0.693518517578125