2 0.152083333984375 0.64722222265625 0.1578125 0.642592591796875 0.161979166015625 0.6444444453125 0.161979166015625 0.65092592578125 0.165104166015625 0.65462962890625 0.166666666015625 0.637962962890625 0.1734375 0.634259259765625 0.1859375 0.634259259765625 0.199479166015625 0.6231481484375 0.201041666015625 0.618518517578125 0.201041666015625 0.593518517578125 0.192708333984375 0.57777777734375 0.178645833984375 0.57777777734375 0.154166666015625 0.587037037109375 0.144270833984375 0.5944444453125 0.1390625 0.611111111328125 0.130729166015625 0.62592592578125 0.130208333984375 0.636111111328125 0.136458333984375 0.64722222265625 0.145833333984375 0.6444444453125 0.152083333984375 0.64722222265625
2 0.2375 0.693518517578125 0.272395833984375 0.678703703125 0.280729166015625 0.656481482421875 0.279166666015625 0.62962962890625 0.273958333984375 0.621296296875 0.263020833984375 0.6194444453125 0.222916666015625 0.638888888671875 0.217708333984375 0.64537037109375 0.202083333984375 0.681481482421875 0.203125 0.69722222265625 0.2109375 0.70092592578125 0.216145833984375 0.687962962890625 0.2375 0.693518517578125
2 0.275520833984375 0.7444444453125 0.283854166015625 0.7481481484375 0.317708333984375 0.736111111328125 0.31875 0.685185185546875 0.316145833984375 0.656481482421875 0.289583333984375 0.665740740234375 0.285416666015625 0.67037037109375 0.285416666015625 0.67777777734375 0.278645833984375 0.686111111328125 0.275520833984375 0.708333333984375 0.26875 0.716666666015625 0.269270833984375 0.72962962890625 0.275520833984375 0.7444444453125
2 0.506770833984375 0.97962962890625 0.5015625 0.965740740234375 0.491666666015625 0.95277777734375 0.428645833984375 0.966666666015625 0.422395833984375 0.97037037109375 0.406770833984375 0.990740740234375 0.4046875 0.99907407421875 0.50625 0.99907407421875 0.508333333984375 0.99537037109375 0.506770833984375 0.97962962890625
2 0.833333333984375 0.42222222265625 0.840625 0.415740740234375 0.848958333984375 0.414814814453125 0.8625 0.42407407421875 0.86875 0.42407407421875 0.878125 0.407407408203125 0.877083333984375 0.403703703125 0.879166666015625 0.3981481484375 0.866666666015625 0.3805555546875 0.846875 0.3731481484375 0.819791666015625 0.37407407421875 0.811458333984375 0.3805555546875 0.809895833984375 0.383333333984375 0.809895833984375 0.4018518515625 0.8265625 0.4055555546875 0.833333333984375 0.42222222265625
0 0.1390625 0.825 0.160416666015625 0.8444444453125 0.172916666015625 0.842592591796875 0.199479166015625 0.82777777734375 0.19375 0.762962962890625 0.176041666015625 0.737962962890625 0.154166666015625 0.715740740234375 0.1390625 0.707407408203125 0.1140625 0.67777777734375 0.083854166015625 0.688888888671875 0.078645833984375 0.70277777734375 0.086979166015625 0.757407408203125 0.1265625 0.80462962890625 0.130729166015625 0.814814814453125 0.1390625 0.825
0 0.547395833984375 0.906481482421875 0.565104166015625 0.92222222265625 0.5796875 0.928703703125 0.584895833984375 0.92777777734375 0.600520833984375 0.916666666015625 0.6125 0.912962962890625 0.622916666015625 0.8981481484375 0.679166666015625 0.857407408203125 0.684375 0.843518517578125 0.683854166015625 0.8055555546875 0.6875 0.791666666015625 0.697395833984375 0.783333333984375 0.708854166015625 0.763888888671875 0.731770833984375 0.74722222265625 0.743229166015625 0.746296296875 0.745833333984375 0.740740740234375 0.744791666015625 0.72962962890625 0.741666666015625 0.72222222265625 0.713541666015625 0.709259259765625 0.709375 0.710185185546875 0.686458333984375 0.72777777734375 0.5609375 0.803703703125 0.55 0.814814814453125 0.544270833984375 0.837962962890625 0.545833333984375 0.84722222265625 0.544791666015625 0.881481482421875 0.547395833984375 0.906481482421875
0 0.7046875 0.885185185546875 0.7140625 0.885185185546875 0.7171875 0.889814814453125 0.722916666015625 0.889814814453125 0.744791666015625 0.8694444453125 0.7484375 0.8694444453125 0.778125 0.783333333984375 0.7828125 0.77962962890625 0.785416666015625 0.767592591796875 0.798363021484375 0.7949731484375 0.800520833984375 0.7518518515625 0.807291666015625 0.7518518515625 0.808854166015625 0.746296296875 0.815104166015625 0.74907407421875 0.822395833984375 0.760185185546875 0.838541666015625 0.758333333984375 0.843229166015625 0.75 0.8453125 0.7518518515625 0.8484375 0.737037037109375 0.8484375 0.70277777734375 0.821354166015625 0.692592591796875 0.807291666015625 0.692592591796875 0.791145833984375 0.70277777734375 0.751041666015625 0.739814814453125 0.727604166015625 0.75092592578125 0.70625 0.767592591796875 0.699479166015625 0.783333333984375 0.6875 0.793518517578125 0.683854166015625 0.813888888671875 0.686458333984375 0.82962962890625 0.683333333984375 0.858333333984375 0.6859375 0.875 0.7046875 0.885185185546875
0 0.8484375 0.6981481484375 0.852083333984375 0.689814814453125 0.858854166015625 0.684259259765625 0.8828125 0.666666666015625 0.895833333984375 0.662037037109375 0.897916666015625 0.5768518515625 0.890625 0.57407407421875 0.871354166015625 0.584259259765625 0.846875 0.60462962890625 0.8375 0.60462962890625 0.824479166015625 0.612037037109375 0.8046875 0.632407408203125 0.8015625 0.638888888671875 0.801041666015625 0.67222222265625 0.803125 0.690740740234375 0.825520833984375 0.690740740234375 0.8484375 0.6981481484375
0 0.684895833984375 0.8768518515625 0.715104166015625 0.891666666015625 0.727604166015625 0.888888888671875 0.740104166015625 0.875 0.7484375 0.8768518515625 0.759895833984375 0.860185185546875 0.81875 0.803703703125 0.821354166015625 0.80462962890625 0.838541666015625 0.781481482421875 0.8484375 0.759259259765625 0.849479166015625 0.70277777734375 0.834375 0.6944444453125 0.819270833984375 0.691666666015625 0.803125 0.693518517578125 0.779166666015625 0.712037037109375 0.750520833984375 0.742592591796875 0.7421875 0.7481481484375 0.730208333984375 0.75 0.719270833984375 0.761111111328125 0.709375 0.765740740234375 0.699479166015625 0.783333333984375 0.6875 0.793518517578125 0.6859375 0.7981481484375 0.686458333984375 0.8305555546875 0.681770833984375 0.85462962890625 0.682291666015625 0.8694444453125 0.684895833984375 0.8768518515625
0 0.770833333984375 0.9944444453125 0.7734375 0.910185185546875 0.7671875 0.913888888671875 0.759895833984375 0.925 0.75625 0.938888888671875 0.754166666015625 0.962962962890625 0.752604166015625 0.992592591796875 0.754166666015625 0.99907407421875 0.767708333984375 0.99907407421875 0.770833333984375 0.9944444453125
0 0.773958333984375 0.993518517578125 0.776041666015625 0.99907407421875 0.853645833984375 0.99907407421875 0.865104166015625 0.9768518515625 0.88125 0.960185185546875 0.8859375 0.94537037109375 0.8921875 0.840740740234375 0.891145833984375 0.787962962890625 0.8453125 0.831481482421875 0.78125 0.9 0.777083333984375 0.908333333984375 0.778645833984375 0.9268518515625 0.7734375 0.97407407421875 0.7765625 0.987037037109375 0.773958333984375 0.993518517578125