0 0 0.77037037109375 0.013541666015625 0.7731481484375 0.017708333984375 0.760185185546875 0.016145833984375 0.75092592578125 0.017708333984375 0.718518517578125 0.0109375 0.692592591796875 0.0015625 0.6805555546875 0 0.6805555546875 0 0.77037037109375
0 0.127604166015625 0.803703703125 0.153645833984375 0.835185185546875 0.160416666015625 0.85 0.194270833984375 0.8805555546875 0.2234375 0.8694444453125 0.233333333984375 0.862037037109375 0.2296875 0.793518517578125 0.215625 0.778703703125 0.2078125 0.765740740234375 0.182291666015625 0.739814814453125 0.170833333984375 0.737037037109375 0.159895833984375 0.72777777734375 0.155208333984375 0.716666666015625 0.140625 0.70092592578125 0.119791666015625 0.70462962890625 0.1046875 0.712037037109375 0.1015625 0.716666666015625 0.105208333984375 0.771296296875 0.1078125 0.781481482421875 0.119270833984375 0.79907407421875 0.127604166015625 0.803703703125
0 0.595833333984375 0.912037037109375 0.606770833984375 0.910185185546875 0.634895833984375 0.893518517578125 0.638541666015625 0.885185185546875 0.6515625 0.878703703125 0.6703125 0.858333333984375 0.702604166015625 0.832407408203125 0.709895833984375 0.833333333984375 0.723958333984375 0.82222222265625 0.746875 0.7981481484375 0.753125 0.788888888671875 0.755729166015625 0.77777777734375 0.757291666015625 0.72037037109375 0.755208333984375 0.712037037109375 0.7484375 0.706481482421875 0.728125 0.6981481484375 0.718229166015625 0.69907407421875 0.574479166015625 0.79537037109375 0.5671875 0.807407408203125 0.5625 0.828703703125 0.5625 0.865740740234375 0.566145833984375 0.891666666015625 0.580208333984375 0.9055555546875 0.595833333984375 0.912037037109375
1 0.656770833984375 0.9444444453125 0.675520833984375 0.936111111328125 0.680729166015625 0.911111111328125 0.6796875 0.9018518515625 0.671354166015625 0.881481482421875 0.6578125 0.87592592578125 0.6515625 0.87777777734375 0.624479166015625 0.903703703125 0.604166666015625 0.938888888671875 0.604166666015625 0.953703703125 0.610416666015625 0.963888888671875 0.638020833984375 0.968518517578125 0.656770833984375 0.9444444453125
1 0.094791666015625 0.737962962890625 0.097395833984375 0.732407408203125 0.097395833984375 0.714814814453125 0.084375 0.696296296875 0.073958333984375 0.6944444453125 0.061458333984375 0.709259259765625 0.0625 0.72592592578125 0.071354166015625 0.731481482421875 0.077083333984375 0.740740740234375 0.094791666015625 0.737962962890625
2 0.153125 0.664814814453125 0.1609375 0.664814814453125 0.1765625 0.656481482421875 0.1890625 0.657407408203125 0.196354166015625 0.64722222265625 0.209895833984375 0.642592591796875 0.211458333984375 0.6305555546875 0.209375 0.625 0.208854166015625 0.60277777734375 0.211458333984375 0.591666666015625 0.20625 0.587962962890625 0.1953125 0.587962962890625 0.152083333984375 0.6 0.145833333984375 0.618518517578125 0.129166666015625 0.64537037109375 0.127604166015625 0.659259259765625 0.133333333984375 0.67222222265625 0.151041666015625 0.668518517578125 0.153125 0.664814814453125
2 0.153645833984375 0.5981481484375 0.192708333984375 0.589814814453125 0.1953125 0.584259259765625 0.191145833984375 0.57962962890625 0.1828125 0.57777777734375 0.14375 0.592592591796875 0.1390625 0.5981481484375 0.1328125 0.616666666015625 0.1265625 0.6268518515625 0.127604166015625 0.639814814453125 0.1296875 0.642592591796875 0.144791666015625 0.6194444453125 0.153645833984375 0.5981481484375
2 0.209375 0.566666666015625 0.227083333984375 0.585185185546875 0.241145833984375 0.589814814453125 0.252083333984375 0.584259259765625 0.25625 0.57777777734375 0.25 0.55277777734375 0.240625 0.538888888671875 0.225 0.532407408203125 0.203125 0.536111111328125 0.202604166015625 0.540740740234375 0.210416666015625 0.54907407421875 0.2078125 0.560185185546875 0.209375 0.566666666015625
2 0.440104166015625 0.561111111328125 0.450520833984375 0.562962962890625 0.458854166015625 0.54907407421875 0.457291666015625 0.518518517578125 0.455208333984375 0.513888888671875 0.419270833984375 0.52222222265625 0.408333333984375 0.535185185546875 0.401041666015625 0.55277777734375 0.408333333984375 0.561111111328125 0.420833333984375 0.566666666015625 0.440104166015625 0.561111111328125
2 0.458854166015625 0.484259259765625 0.465104166015625 0.487037037109375 0.474479166015625 0.481481482421875 0.484895833984375 0.485185185546875 0.494270833984375 0.47962962890625 0.495833333984375 0.468518517578125 0.492708333984375 0.45 0.474479166015625 0.4481481484375 0.457291666015625 0.453703703125 0.443229166015625 0.47222222265625 0.44375 0.484259259765625 0.446875 0.488888888671875 0.452604166015625 0.489814814453125 0.458854166015625 0.484259259765625
2 0.461979166015625 0.441666666015625 0.461458333984375 0.4481481484375 0.4671875 0.44907407421875 0.471354166015625 0.44537037109375 0.461979166015625 0.441666666015625
2 0.448958333984375 0.466666666015625 0.459375 0.44907407421875 0.452083333984375 0.435185185546875 0.43125 0.440740740234375 0.427604166015625 0.45 0.427083333984375 0.461111111328125 0.429166666015625 0.47037037109375 0.442708333984375 0.47222222265625 0.448958333984375 0.466666666015625
2 0.832291666015625 0.418518517578125 0.845833333984375 0.412037037109375 0.867708333984375 0.425 0.877083333984375 0.411111111328125 0.877083333984375 0.4 0.874479166015625 0.390740740234375 0.865104166015625 0.3805555546875 0.839583333984375 0.37592592578125 0.810416666015625 0.3805555546875 0.808854166015625 0.383333333984375 0.810416666015625 0.403703703125 0.821875 0.403703703125 0.832291666015625 0.418518517578125
2 0.830729166015625 0.4555555546875 0.832291666015625 0.425 0.825520833984375 0.418518517578125 0.805208333984375 0.418518517578125 0.786458333984375 0.42962962890625 0.778125 0.44907407421875 0.777083333984375 0.465740740234375 0.779166666015625 0.47407407421875 0.8171875 0.463888888671875 0.830729166015625 0.4555555546875
2 0.620833333984375 0.5268518515625 0.659895833984375 0.5018518515625 0.663020833984375 0.486111111328125 0.661979166015625 0.4694444453125 0.655729166015625 0.465740740234375 0.64375 0.465740740234375 0.613020833984375 0.475 0.60625 0.4805555546875 0.597395833984375 0.50277777734375 0.596354166015625 0.52222222265625 0.5984375 0.5268518515625 0.605729166015625 0.5305555546875 0.620833333984375 0.5268518515625
2 0.102083333984375 0.47962962890625 0.116666666015625 0.4731481484375 0.120833333984375 0.438888888671875 0.113020833984375 0.437037037109375 0.080729166015625 0.443518517578125 0.077604166015625 0.45092592578125 0.069270833984375 0.456481482421875 0.068229166015625 0.466666666015625 0.0703125 0.47777777734375 0.077604166015625 0.481481482421875 0.102083333984375 0.47962962890625