0 0 0.7731481484375 0.003125 0.775 0.003125 0.7805555546875 0.015625 0.788888888671875 0.022395833984375 0.80462962890625 0.046875 0.842592591796875 0.049479166015625 0.84537037109375 0.054166666015625 0.843518517578125 0.0609375 0.859259259765625 0.078125 0.885185185546875 0.088541666015625 0.89722222265625 0.091666666015625 0.896296296875 0.091666666015625 0.865740740234375 0.084895833984375 0.821296296875 0.019791666015625 0.7305555546875 0.016145833984375 0.7268518515625 0.008854166015625 0.7268518515625 0 0.728703703125 0 0.7731481484375
0 0.1109375 0.757407408203125 0.1984375 0.82407407421875 0.2078125 0.82777777734375 0.206770833984375 0.80462962890625 0.203125 0.793518517578125 0.203645833984375 0.77222222265625 0.185416666015625 0.746296296875 0.165104166015625 0.72592592578125 0.147916666015625 0.717592591796875 0.1234375 0.686111111328125 0.113541666015625 0.686111111328125 0.0953125 0.693518517578125 0.088541666015625 0.6981481484375 0.086458333984375 0.703703703125 0.085416666015625 0.714814814453125 0.089583333984375 0.735185185546875 0.090625 0.759259259765625 0.1109375 0.757407408203125
0 0.091666666015625 0.859259259765625 0.0984375 0.862962962890625 0.101041666015625 0.8694444453125 0.1328125 0.89907407421875 0.1640625 0.935185185546875 0.202604166015625 0.963888888671875 0.215104166015625 0.962037037109375 0.238020833984375 0.9518518515625 0.243229166015625 0.943518517578125 0.243229166015625 0.866666666015625 0.240625 0.858333333984375 0.178645833984375 0.808333333984375 0.168229166015625 0.803703703125 0.1578125 0.793518517578125 0.150520833984375 0.791666666015625 0.1109375 0.758333333984375 0.085416666015625 0.762962962890625 0.077604166015625 0.775 0.077083333984375 0.80462962890625 0.088541666015625 0.828703703125 0.0875 0.835185185546875 0.091666666015625 0.859259259765625
0 0.442708333984375 0.9555555546875 0.404166666015625 0.9944444453125 0.404166666015625 0.99907407421875 0.571875 0.99907407421875 0.593229166015625 0.962037037109375 0.602083333984375 0.939814814453125 0.603645833984375 0.913888888671875 0.601041666015625 0.89907407421875 0.601041666015625 0.87037037109375 0.598958333984375 0.859259259765625 0.595833333984375 0.853703703125 0.5890625 0.85 0.553125 0.842592591796875 0.528125 0.866666666015625 0.491145833984375 0.914814814453125 0.48125 0.92037037109375 0.459895833984375 0.943518517578125 0.442708333984375 0.9555555546875
0 0.705208333984375 0.90462962890625 0.7140625 0.90277777734375 0.7296875 0.888888888671875 0.7359375 0.890740740234375 0.744791666015625 0.8768518515625 0.7953125 0.825 0.8046875 0.77777777734375 0.840625 0.741666666015625 0.839583333984375 0.709259259765625 0.834895833984375 0.70092592578125 0.803125 0.693518517578125 0.789583333984375 0.70277777734375 0.785416666015625 0.710185185546875 0.68125 0.787962962890625 0.675520833984375 0.796296296875 0.671354166015625 0.813888888671875 0.670833333984375 0.882407408203125 0.675 0.890740740234375 0.6890625 0.9 0.705208333984375 0.90462962890625
2 0.856770833984375 0.865740740234375 0.866145833984375 0.841666666015625 0.890104166015625 0.82222222265625 0.89375 0.793518517578125 0.894791666015625 0.75 0.892708333984375 0.7444444453125 0.880208333984375 0.737962962890625 0.848958333984375 0.733333333984375 0.808333333984375 0.7731481484375 0.803125 0.77962962890625 0.801041666015625 0.789814814453125 0.7984375 0.810185185546875 0.800520833984375 0.862037037109375 0.839583333984375 0.87962962890625 0.856770833984375 0.865740740234375
2 0.180208333984375 0.6305555546875 0.1890625 0.633333333984375 0.2 0.6194444453125 0.199479166015625 0.591666666015625 0.195833333984375 0.581481482421875 0.188020833984375 0.578703703125 0.153125 0.587962962890625 0.143229166015625 0.59537037109375 0.1390625 0.611111111328125 0.130208333984375 0.6268518515625 0.130729166015625 0.639814814453125 0.134375 0.646296296875 0.144270833984375 0.64907407421875 0.180208333984375 0.6305555546875
2 0.238020833984375 0.6944444453125 0.2515625 0.681481482421875 0.272395833984375 0.678703703125 0.274479166015625 0.668518517578125 0.2796875 0.663888888671875 0.28125 0.640740740234375 0.278125 0.62592592578125 0.269791666015625 0.6194444453125 0.2421875 0.628703703125 0.2203125 0.641666666015625 0.202604166015625 0.6805555546875 0.202604166015625 0.6981481484375 0.211458333984375 0.70092592578125 0.219270833984375 0.687037037109375 0.238020833984375 0.6944444453125
2 0.277083333984375 0.74722222265625 0.286458333984375 0.7481481484375 0.317708333984375 0.737037037109375 0.318229166015625 0.682407408203125 0.315625 0.656481482421875 0.2890625 0.665740740234375 0.285416666015625 0.671296296875 0.285416666015625 0.681481482421875 0.277604166015625 0.687962962890625 0.272916666015625 0.709259259765625 0.26875 0.715740740234375 0.269270833984375 0.72962962890625 0.277083333984375 0.74722222265625
2 0.83125 0.42407407421875 0.847395833984375 0.413888888671875 0.857291666015625 0.42222222265625 0.8671875 0.425 0.877604166015625 0.407407408203125 0.878645833984375 0.39722222265625 0.86875 0.382407408203125 0.8453125 0.3731481484375 0.819270833984375 0.375 0.810416666015625 0.383333333984375 0.810416666015625 0.4018518515625 0.819791666015625 0.40277777734375 0.827083333984375 0.409259259765625 0.83125 0.42407407421875
3 0.398958333984375 0.778703703125 0.399479166015625 0.77037037109375 0.39375 0.7555555546875 0.390625 0.758333333984375 0.388541666015625 0.77222222265625 0.390104166015625 0.781481482421875 0.394270833984375 0.784259259765625 0.398958333984375 0.778703703125