2 0.14375 0.92407407421875 0.175 0.915740740234375 0.178125 0.911111111328125 0.178125 0.89722222265625 0.174479166015625 0.884259259765625 0.167708333984375 0.87222222265625 0.157291666015625 0.861111111328125 0.141666666015625 0.858333333984375 0.122916666015625 0.864814814453125 0.1140625 0.87407407421875 0.1140625 0.889814814453125 0.116666666015625 0.89907407421875 0.1390625 0.916666666015625 0.14375 0.92407407421875
1 0.14375 0.92407407421875 0.175 0.915740740234375 0.178125 0.911111111328125 0.178125 0.89722222265625 0.175 0.885185185546875 0.167708333984375 0.87222222265625 0.157291666015625 0.861111111328125 0.141666666015625 0.858333333984375 0.121354166015625 0.865740740234375 0.1140625 0.87407407421875 0.1140625 0.889814814453125 0.116666666015625 0.89907407421875 0.1390625 0.916666666015625 0.14375 0.92407407421875
1 0.175 0.632407408203125 0.189583333984375 0.633333333984375 0.199479166015625 0.6231481484375 0.201041666015625 0.59722222265625 0.196354166015625 0.582407408203125 0.191145833984375 0.57777777734375 0.181770833984375 0.57777777734375 0.154166666015625 0.587037037109375 0.144791666015625 0.593518517578125 0.130729166015625 0.62592592578125 0.130208333984375 0.635185185546875 0.133854166015625 0.64537037109375 0.1453125 0.65 0.175 0.632407408203125
1 0.2125 0.7 0.2140625 0.690740740234375 0.219270833984375 0.686111111328125 0.238541666015625 0.693518517578125 0.247916666015625 0.6805555546875 0.2625 0.682407408203125 0.272916666015625 0.67962962890625 0.274479166015625 0.6731481484375 0.2796875 0.6694444453125 0.28125 0.639814814453125 0.278645833984375 0.6268518515625 0.272395833984375 0.62037037109375 0.264583333984375 0.6194444453125 0.247916666015625 0.62592592578125 0.221875 0.639814814453125 0.202604166015625 0.67962962890625 0.201041666015625 0.685185185546875 0.202083333984375 0.69537037109375 0.205729166015625 0.70092592578125 0.2125 0.7
1 0.318229166015625 0.734259259765625 0.316666666015625 0.657407408203125 0.3078125 0.657407408203125 0.284895833984375 0.67037037109375 0.278125 0.688888888671875 0.275520833984375 0.706481482421875 0.269270833984375 0.714814814453125 0.270833333984375 0.734259259765625 0.279166666015625 0.7481481484375 0.316666666015625 0.737962962890625 0.318229166015625 0.734259259765625
1 0.8328125 0.42222222265625 0.840625 0.415740740234375 0.8484375 0.414814814453125 0.866145833984375 0.425 0.871354166015625 0.42037037109375 0.877604166015625 0.39907407421875 0.870833333984375 0.384259259765625 0.852604166015625 0.375 0.821875 0.37407407421875 0.810416666015625 0.382407408203125 0.810416666015625 0.40277777734375 0.8203125 0.40277777734375 0.827604166015625 0.408333333984375 0.8328125 0.42222222265625
1 0.855729166015625 0.991666666015625 0.882291666015625 0.961111111328125 0.886458333984375 0.943518517578125 0.890104166015625 0.87962962890625 0.8921875 0.786111111328125 0.8890625 0.786111111328125 0.813020833984375 0.87222222265625 0.808333333984375 0.884259259765625 0.805208333984375 0.911111111328125 0.802604166015625 0.967592591796875 0.816666666015625 0.981481482421875 0.847916666015625 0.996296296875 0.855729166015625 0.991666666015625
0 0.84375 0.996296296875 0.851041666015625 0.99537037109375 0.883333333984375 0.960185185546875 0.886458333984375 0.943518517578125 0.8921875 0.837037037109375 0.8921875 0.786111111328125 0.883333333984375 0.792592591796875 0.813020833984375 0.87222222265625 0.8078125 0.886111111328125 0.8046875 0.914814814453125 0.802083333984375 0.9518518515625 0.803125 0.9694444453125 0.829166666015625 0.988888888671875 0.84375 0.996296296875
2 0.846354166015625 0.413888888671875 0.8625 0.42407407421875 0.869270833984375 0.4231481484375 0.877083333984375 0.407407408203125 0.876041666015625 0.403703703125 0.878645833984375 0.39722222265625 0.8671875 0.381481482421875 0.845833333984375 0.3731481484375 0.821875 0.37407407421875 0.810416666015625 0.383333333984375 0.810416666015625 0.40277777734375 0.826041666015625 0.4055555546875 0.831770833984375 0.42222222265625 0.846354166015625 0.413888888671875
2 0.318229166015625 0.682407408203125 0.316666666015625 0.658333333984375 0.313020833984375 0.6555555546875 0.284895833984375 0.67037037109375 0.283854166015625 0.67962962890625 0.279166666015625 0.686111111328125 0.272395833984375 0.710185185546875 0.269791666015625 0.712962962890625 0.269791666015625 0.7305555546875 0.279166666015625 0.7481481484375 0.3171875 0.737037037109375 0.318229166015625 0.682407408203125
2 0.219270833984375 0.684259259765625 0.2375 0.693518517578125 0.247395833984375 0.683333333984375 0.271354166015625 0.678703703125 0.280208333984375 0.671296296875 0.28125 0.646296296875 0.279166666015625 0.6305555546875 0.2734375 0.621296296875 0.264583333984375 0.62037037109375 0.222916666015625 0.638888888671875 0.215104166015625 0.65092592578125 0.208333333984375 0.67222222265625 0.202604166015625 0.6805555546875 0.203125 0.69722222265625 0.211458333984375 0.70092592578125 0.215625 0.687037037109375 0.219270833984375 0.684259259765625
2 0.174479166015625 0.632407408203125 0.1828125 0.6305555546875 0.1890625 0.633333333984375 0.2 0.62222222265625 0.201041666015625 0.596296296875 0.196875 0.583333333984375 0.1921875 0.57777777734375 0.18125 0.57777777734375 0.154166666015625 0.587037037109375 0.143229166015625 0.59537037109375 0.138541666015625 0.612037037109375 0.130729166015625 0.62592592578125 0.130208333984375 0.635185185546875 0.133854166015625 0.64537037109375 0.144791666015625 0.65 0.174479166015625 0.632407408203125