0 0.577604166015625 0.9018518515625 0.592708333984375 0.907407408203125 0.595833333984375 0.867592591796875 0.598958333984375 0.862037037109375 0.607291666015625 0.857407408203125 0.616666666015625 0.839814814453125 0.65625 0.810185185546875 0.667708333984375 0.810185185546875 0.692708333984375 0.790740740234375 0.6984375 0.778703703125 0.725 0.758333333984375 0.738541666015625 0.757407408203125 0.746875 0.75 0.761979166015625 0.7444444453125 0.759895833984375 0.740740740234375 0.759375 0.718518517578125 0.755208333984375 0.711111111328125 0.744791666015625 0.706481482421875 0.719270833984375 0.7055555546875 0.704166666015625 0.714814814453125 0.699479166015625 0.72222222265625 0.654166666015625 0.743518517578125 0.650520833984375 0.75277777734375 0.608333333984375 0.771296296875 0.575 0.793518517578125 0.566666666015625 0.807407408203125 0.563020833984375 0.8305555546875 0.564583333984375 0.835185185546875 0.5625 0.856481482421875 0.566145833984375 0.891666666015625 0.577604166015625 0.9018518515625
0 0.6203125 0.942592591796875 0.6234375 0.9268518515625 0.629166666015625 0.915740740234375 0.73125 0.839814814453125 0.752083333984375 0.821296296875 0.752083333984375 0.812037037109375 0.7546875 0.8055555546875 0.758854166015625 0.807407408203125 0.782291666015625 0.793518517578125 0.793229166015625 0.790740740234375 0.7953125 0.782407408203125 0.79375 0.758333333984375 0.783333333984375 0.74907407421875 0.761458333984375 0.743518517578125 0.738020833984375 0.758333333984375 0.7203125 0.762962962890625 0.699479166015625 0.77962962890625 0.695833333984375 0.789814814453125 0.684375 0.79907407421875 0.6671875 0.811111111328125 0.650520833984375 0.814814814453125 0.619270833984375 0.838888888671875 0.597916666015625 0.866666666015625 0.5953125 0.883333333984375 0.5953125 0.9518518515625 0.605208333984375 0.962037037109375 0.619791666015625 0.966666666015625 0.6203125 0.942592591796875
0 0.771875 0.962962962890625 0.782291666015625 0.95 0.806770833984375 0.92962962890625 0.8140625 0.9268518515625 0.8390625 0.89722222265625 0.844270833984375 0.863888888671875 0.844791666015625 0.842592591796875 0.850520833984375 0.835185185546875 0.853125 0.837037037109375 0.854166666015625 0.82407407421875 0.852083333984375 0.8194444453125 0.844791666015625 0.816666666015625 0.841145833984375 0.80277777734375 0.8078125 0.787962962890625 0.803125 0.787962962890625 0.786979166015625 0.79907407421875 0.765104166015625 0.80462962890625 0.761979166015625 0.807407408203125 0.760416666015625 0.814814814453125 0.7109375 0.859259259765625 0.629166666015625 0.917592591796875 0.623958333984375 0.928703703125 0.619791666015625 0.97037037109375 0.619791666015625 0.99907407421875 0.736979166015625 0.99907407421875 0.741145833984375 0.988888888671875 0.771875 0.962962962890625
0 0.8859375 0.717592591796875 0.894270833984375 0.7194444453125 0.896354166015625 0.706481482421875 0.897395833984375 0.621296296875 0.893229166015625 0.62222222265625 0.874479166015625 0.642592591796875 0.868229166015625 0.656481482421875 0.867708333984375 0.665740740234375 0.870833333984375 0.6768518515625 0.8703125 0.7055555546875 0.8859375 0.717592591796875
0 0 0.775 0.017708333984375 0.791666666015625 0.019791666015625 0.8 0.0390625 0.8305555546875 0.046354166015625 0.838888888671875 0.051041666015625 0.838888888671875 0.053125 0.821296296875 0.0484375 0.77222222265625 0.0265625 0.737962962890625 0.019791666015625 0.733333333984375 0.013020833984375 0.72037037109375 0.0015625 0.707407408203125 0 0.707407408203125 0 0.775
0 0 0.706481482421875 0.0109375 0.715740740234375 0.022395833984375 0.734259259765625 0.040625 0.734259259765625 0.041666666015625 0.72592592578125 0.0390625 0.691666666015625 0.0359375 0.688888888671875 0.036979166015625 0.678703703125 0.031770833984375 0.6694444453125 0.0015625 0.637037037109375 0 0.637037037109375 0 0.706481482421875
1 0.150520833984375 0.9194444453125 0.1578125 0.912962962890625 0.173958333984375 0.908333333984375 0.177083333984375 0.90277777734375 0.177083333984375 0.892592591796875 0.172395833984375 0.87222222265625 0.1609375 0.858333333984375 0.155208333984375 0.8555555546875 0.140625 0.857407408203125 0.130729166015625 0.861111111328125 0.1265625 0.866666666015625 0.127083333984375 0.892592591796875 0.1296875 0.89722222265625 0.138541666015625 0.9 0.150520833984375 0.9194444453125
1 0.106770833984375 0.8231481484375 0.105208333984375 0.8055555546875 0.094270833984375 0.785185185546875 0.070833333984375 0.786111111328125 0.061458333984375 0.793518517578125 0.063020833984375 0.812037037109375 0.080729166015625 0.832407408203125 0.103645833984375 0.82777777734375 0.106770833984375 0.8231481484375
1 0.8828125 0.718518517578125 0.874479166015625 0.709259259765625 0.861979166015625 0.707407408203125 0.842708333984375 0.72777777734375 0.836979166015625 0.742592591796875 0.835416666015625 0.762037037109375 0.859895833984375 0.768518517578125 0.8828125 0.743518517578125 0.8828125 0.718518517578125
3 0.823958333984375 0.789814814453125 0.8234375 0.77407407421875 0.8203125 0.759259259765625 0.8171875 0.758333333984375 0.809375 0.77407407421875 0.809375 0.7805555546875 0.813020833984375 0.789814814453125 0.817708333984375 0.792592591796875 0.823958333984375 0.789814814453125
2 0.83125 0.42037037109375 0.848958333984375 0.415740740234375 0.8625 0.425 0.869270833984375 0.425 0.875 0.421296296875 0.875 0.411111111328125 0.877604166015625 0.407407408203125 0.878125 0.39722222265625 0.873958333984375 0.388888888671875 0.858854166015625 0.3768518515625 0.822916666015625 0.37407407421875 0.8109375 0.381481482421875 0.809895833984375 0.4018518515625 0.8204859375 0.40277777734375 0.828125 0.410185185546875 0.83125 0.42037037109375
2 0.317708333984375 0.737962962890625 0.318229166015625 0.683333333984375 0.316145833984375 0.658333333984375 0.307291666015625 0.657407408203125 0.2796875 0.67222222265625 0.277083333984375 0.685185185546875 0.270833333984375 0.690740740234375 0.2625 0.717592591796875 0.264583333984375 0.733333333984375 0.271354166015625 0.75092592578125 0.294270833984375 0.74722222265625 0.317708333984375 0.737962962890625