1 0.628125 0.97592592578125 0.642708333984375 0.95462962890625 0.652604166015625 0.946296296875 0.6625 0.9444444453125 0.665625 0.938888888671875 0.673958333984375 0.90462962890625 0.671875 0.8981481484375 0.664583333984375 0.89907407421875 0.6546875 0.888888888671875 0.6390625 0.888888888671875 0.618229166015625 0.9055555546875 0.5984375 0.934259259765625 0.59375 0.94722222265625 0.59375 0.962962962890625 0.5984375 0.9694444453125 0.610416666015625 0.975 0.628125 0.97592592578125
3 0.677604166015625 0.908333333984375 0.6875 0.90462962890625 0.6859375 0.865740740234375 0.681770833984375 0.853703703125 0.678645833984375 0.8555555546875 0.668229166015625 0.87592592578125 0.672395833984375 0.884259259765625 0.6671875 0.89907407421875 0.671354166015625 0.914814814453125 0.677604166015625 0.908333333984375
2 0.180729166015625 0.631481482421875 0.189583333984375 0.633333333984375 0.199479166015625 0.62407407421875 0.201041666015625 0.596296296875 0.196354166015625 0.582407408203125 0.192708333984375 0.578703703125 0.175520833984375 0.57962962890625 0.155208333984375 0.587037037109375 0.143229166015625 0.59537037109375 0.1390625 0.611111111328125 0.130729166015625 0.6268518515625 0.13125 0.639814814453125 0.136458333984375 0.6481481484375 0.147916666015625 0.64907407421875 0.180729166015625 0.631481482421875
2 0.219270833984375 0.686111111328125 0.2390625 0.6944444453125 0.2515625 0.681481482421875 0.2609375 0.685185185546875 0.272395833984375 0.681481482421875 0.276041666015625 0.666666666015625 0.280208333984375 0.659259259765625 0.278645833984375 0.62962962890625 0.272916666015625 0.621296296875 0.264583333984375 0.62037037109375 0.2234375 0.638888888671875 0.215625 0.65 0.210416666015625 0.666666666015625 0.202083333984375 0.682407408203125 0.203125 0.69907407421875 0.211458333984375 0.70092592578125 0.213541666015625 0.691666666015625 0.219270833984375 0.686111111328125
2 0.2765625 0.74722222265625 0.286979166015625 0.7481481484375 0.318229166015625 0.737037037109375 0.318229166015625 0.682407408203125 0.316145833984375 0.656481482421875 0.290104166015625 0.665740740234375 0.285416666015625 0.671296296875 0.284375 0.683333333984375 0.2765625 0.688888888671875 0.275 0.706481482421875 0.26875 0.716666666015625 0.269791666015625 0.7305555546875 0.2765625 0.74722222265625
2 0.8484375 0.412962962890625 0.866145833984375 0.425 0.8703125 0.421296296875 0.872916666015625 0.409259259765625 0.877604166015625 0.407407408203125 0.877604166015625 0.39722222265625 0.874479166015625 0.389814814453125 0.863541666015625 0.378703703125 0.85 0.37407407421875 0.821354166015625 0.37407407421875 0.8109375 0.381481482421875 0.810416666015625 0.40277777734375 0.825 0.403703703125 0.833854166015625 0.42222222265625 0.8484375 0.412962962890625
0 0.144270833984375 0.825 0.15 0.837037037109375 0.178125 0.864814814453125 0.197395833984375 0.859259259765625 0.216666666015625 0.8481481484375 0.2171875 0.82407407421875 0.214583333984375 0.791666666015625 0.2125 0.77777777734375 0.207291666015625 0.768518517578125 0.128125 0.690740740234375 0.106770833984375 0.693518517578125 0.0953125 0.70277777734375 0.094270833984375 0.732407408203125 0.101041666015625 0.77222222265625 0.119791666015625 0.791666666015625 0.144270833984375 0.825
0 0.5875 0.918518517578125 0.5984375 0.916666666015625 0.6609375 0.8694444453125 0.667708333984375 0.868518517578125 0.683854166015625 0.85092592578125 0.694791666015625 0.843518517578125 0.703645833984375 0.842592591796875 0.736458333984375 0.812962962890625 0.741666666015625 0.760493517578125 0.745833333984375 0.746296296875 0.7515625 0.737037037109375 0.752083333984375 0.7231481484375 0.747395833984375 0.716666666015625 0.728645833984375 0.707407408203125 0.711979166015625 0.707407408203125 0.697916666015625 0.716666666015625 0.690625 0.728703703125 0.605208333984375 0.77407407421875 0.561979166015625 0.80462962890625 0.557291666015625 0.815740740234375 0.555729166015625 0.828703703125 0.555208333984375 0.891666666015625 0.557291666015625 0.9 0.578125 0.914814814453125 0.5875 0.918518517578125
0 0.775 0.835185185546875 0.7828125 0.837962962890625 0.786458333984375 0.8305555546875 0.801041666015625 0.82407407421875 0.802604166015625 0.8194444453125 0.8625 0.763888888671875 0.880729166015625 0.741666666015625 0.884375 0.733333333984375 0.8859375 0.72037037109375 0.886458333984375 0.67222222265625 0.8796875 0.665740740234375 0.8578125 0.661111111328125 0.815625 0.683333333984375 0.798958333984375 0.703703703125 0.778645833984375 0.713888888671875 0.755729166015625 0.731481482421875 0.748958333984375 0.746296296875 0.743229166015625 0.7518518515625 0.7390625 0.785185185546875 0.738541666015625 0.82407407421875 0.744270833984375 0.831481482421875 0.772395833984375 0.840740740234375 0.775 0.835185185546875
0 0.8796875 0.664814814453125 0.89375 0.658333333984375 0.896875 0.639814814453125 0.8984375 0.5768518515625 0.891666666015625 0.575 0.874479166015625 0.5805555546875 0.859375 0.59537037109375 0.827604166015625 0.608333333984375 0.810416666015625 0.62777777734375 0.807291666015625 0.640740740234375 0.806770833984375 0.668518517578125 0.822916666015625 0.675 0.860416666015625 0.658333333984375 0.8796875 0.664814814453125
0 0.855729166015625 0.991666666015625 0.881770833984375 0.961111111328125 0.8859375 0.94907407421875 0.8921875 0.837962962890625 0.8921875 0.8 0.886979166015625 0.79907407421875 0.853125 0.839814814453125 0.8375 0.8444444453125 0.816145833984375 0.8694444453125 0.809895833984375 0.885185185546875 0.804166666015625 0.95277777734375 0.8046875 0.967592591796875 0.815104166015625 0.97777777734375 0.8453125 0.99537037109375 0.855729166015625 0.991666666015625