1 0.040104166015625 0.762037037109375 0.046354166015625 0.765740740234375 0.047916666015625 0.762037037109375 0.047916666015625 0.7305555546875 0.04375 0.72222222265625 0.033854166015625 0.717592591796875 0.027604166015625 0.718518517578125 0.019270833984375 0.7231481484375 0.015104166015625 0.7305555546875 0.015104166015625 0.741666666015625 0.01875 0.75462962890625 0.0328125 0.763888888671875 0.040104166015625 0.762037037109375
1 0.096354166015625 0.736111111328125 0.097916666015625 0.7268518515625 0.096354166015625 0.713888888671875 0.0890625 0.70092592578125 0.08125 0.696296296875 0.071354166015625 0.6981481484375 0.061458333984375 0.709259259765625 0.0609375 0.716666666015625 0.0640625 0.72777777734375 0.077083333984375 0.740740740234375 0.096354166015625 0.736111111328125
0 0.223958333984375 0.99907407421875 0.227083333984375 0.9944444453125 0.147395833984375 0.893518517578125 0.119791666015625 0.862962962890625 0.115625 0.861111111328125 0.097916666015625 0.868518517578125 0.0796875 0.8805555546875 0.079166666015625 0.884259259765625 0.082291666015625 0.889814814453125 0.1578125 0.99907407421875 0.223958333984375 0.99907407421875
0 0.336979166015625 0.989814814453125 0.324479166015625 0.99722222265625 0.365104166015625 0.99907407421875 0.360416666015625 0.990740740234375 0.352604166015625 0.987962962890625 0.336979166015625 0.989814814453125
0 0.626041666015625 0.97592592578125 0.6375 0.975 0.645833333984375 0.965740740234375 0.667708333984375 0.95092592578125 0.678125 0.935185185546875 0.7171875 0.891666666015625 0.7484375 0.864814814453125 0.769270833984375 0.837037037109375 0.772916666015625 0.79537037109375 0.777604166015625 0.788888888671875 0.778645833984375 0.753703703125 0.776041666015625 0.74722222265625 0.765625 0.737962962890625 0.740625 0.733333333984375 0.722395833984375 0.753703703125 0.7125 0.7555555546875 0.6921875 0.7731481484375 0.680208333984375 0.791666666015625 0.6671875 0.80462962890625 0.658333333984375 0.811111111328125 0.646875 0.812037037109375 0.615104166015625 0.838888888671875 0.609895833984375 0.853703703125 0.596354166015625 0.865740740234375 0.5921875 0.8731481484375 0.590104166015625 0.889814814453125 0.591666666015625 0.95462962890625 0.602604166015625 0.965740740234375 0.626041666015625 0.97592592578125
2 0.140625 0.67222222265625 0.147916666015625 0.671296296875 0.20625 0.640740740234375 0.210416666015625 0.631481482421875 0.208333333984375 0.5981481484375 0.2109375 0.591666666015625 0.20625 0.587962962890625 0.194270833984375 0.587962962890625 0.183333333984375 0.5944444453125 0.171875 0.593518517578125 0.151041666015625 0.59907407421875 0.143229166015625 0.625 0.129166666015625 0.646296296875 0.128125 0.659259259765625 0.130208333984375 0.667592591796875 0.133333333984375 0.67222222265625 0.140625 0.67222222265625
2 0.152604166015625 0.59907407421875 0.192708333984375 0.590740740234375 0.1953125 0.584259259765625 0.192708333984375 0.57962962890625 0.183854166015625 0.57777777734375 0.144270833984375 0.591666666015625 0.138541666015625 0.59907407421875 0.1265625 0.62592592578125 0.127604166015625 0.639814814453125 0.1296875 0.642592591796875 0.141666666015625 0.62592592578125 0.152604166015625 0.59907407421875
2 0.241145833984375 0.69907407421875 0.244791666015625 0.687037037109375 0.259895833984375 0.686111111328125 0.273958333984375 0.678703703125 0.284375 0.661111111328125 0.286979166015625 0.64722222265625 0.283333333984375 0.6268518515625 0.277083333984375 0.6194444453125 0.2546875 0.62407407421875 0.225 0.639814814453125 0.20625 0.67962962890625 0.208854166015625 0.69537037109375 0.213541666015625 0.7018518515625 0.23125 0.70462962890625 0.241145833984375 0.69907407421875
2 0.827083333984375 0.407407408203125 0.828125 0.414814814453125 0.833333333984375 0.421296296875 0.8453125 0.412037037109375 0.865625 0.425 0.86875 0.42407407421875 0.871875 0.421296296875 0.8765625 0.3981481484375 0.869270833984375 0.383333333984375 0.861979166015625 0.378703703125 0.8234375 0.3768518515625 0.810416666015625 0.3805555546875 0.808854166015625 0.383333333984375 0.809895833984375 0.40277777734375 0.81875 0.40277777734375 0.827083333984375 0.407407408203125
2 0.896354166015625 0.413888888671875 0.896354166015625 0.387037037109375 0.892708333984375 0.385185185546875 0.881770833984375 0.3944444453125 0.88125 0.408333333984375 0.883854166015625 0.414814814453125 0.89375 0.416666666015625 0.896354166015625 0.413888888671875
2 0.6203125 0.5268518515625 0.63125 0.517592591796875 0.640625 0.515740740234375 0.661458333984375 0.49907407421875 0.663020833984375 0.484259259765625 0.661979166015625 0.468518517578125 0.6609375 0.465740740234375 0.641666666015625 0.465740740234375 0.6125 0.475 0.605208333984375 0.482407408203125 0.596875 0.503703703125 0.596354166015625 0.521296296875 0.5984375 0.52777777734375 0.6078125 0.5305555546875 0.6203125 0.5268518515625
2 0.442708333984375 0.561111111328125 0.45625 0.55 0.458333333984375 0.518518517578125 0.455729166015625 0.513888888671875 0.45 0.512962962890625 0.421354166015625 0.521296296875 0.4140625 0.52592592578125 0.402604166015625 0.546296296875 0.401041666015625 0.55092592578125 0.403125 0.556481482421875 0.420833333984375 0.566666666015625 0.442708333984375 0.561111111328125
2 0.452604166015625 0.47037037109375 0.453125 0.45092592578125 0.447395833984375 0.437962962890625 0.4390625 0.435185185546875 0.430208333984375 0.441666666015625 0.428125 0.4481481484375 0.427083333984375 0.456481482421875 0.429166666015625 0.468518517578125 0.441666666015625 0.4731481484375 0.452604166015625 0.47037037109375
2 0.528125 0.44722222265625 0.5234375 0.437962962890625 0.5234375 0.428703703125 0.51875 0.42407407421875 0.502083333984375 0.4305555546875 0.501041666015625 0.45462962890625 0.5046875 0.461111111328125 0.515104166015625 0.460185185546875 0.528125 0.44722222265625
2 0.2171875 0.57962962890625 0.225 0.587037037109375 0.239583333984375 0.592592591796875 0.251041666015625 0.586111111328125 0.25625 0.578703703125 0.252604166015625 0.561111111328125 0.246875 0.546296296875 0.241666666015625 0.539814814453125 0.2234375 0.531481482421875 0.202604166015625 0.536111111328125 0.203645833984375 0.542592591796875 0.209375 0.54722222265625 0.206770833984375 0.562962962890625 0.2171875 0.57962962890625
2 0.10625 0.478703703125 0.116145833984375 0.4731481484375 0.120833333984375 0.44537037109375 0.1203125 0.440740740234375 0.1171875 0.437962962890625 0.082291666015625 0.442592591796875 0.0765625 0.453703703125 0.06875 0.457407408203125 0.068229166015625 0.466666666015625 0.070833333984375 0.47777777734375 0.082291666015625 0.482407408203125 0.10625 0.478703703125