0 0.118229166015625 0.79907407421875 0.130729166015625 0.807407408203125 0.156770833984375 0.839814814453125 0.1609375 0.85092592578125 0.194270833984375 0.8805555546875 0.220833333984375 0.87037037109375 0.233854166015625 0.861111111328125 0.2296875 0.7981481484375 0.225520833984375 0.785185185546875 0.216145833984375 0.77777777734375 0.2109375 0.767592591796875 0.181770833984375 0.739814814453125 0.1734375 0.737962962890625 0.161458333984375 0.728703703125 0.155208333984375 0.716666666015625 0.139583333984375 0.70092592578125 0.122395833984375 0.703703703125 0.102604166015625 0.715740740234375 0.1015625 0.7305555546875 0.105208333984375 0.77037037109375 0.108854166015625 0.783333333984375 0.118229166015625 0.79907407421875
0 0.786458333984375 0.734259259765625 0.815104166015625 0.741666666015625 0.827604166015625 0.731481482421875 0.832291666015625 0.731481482421875 0.841666666015625 0.7231481484375 0.844270833984375 0.716666666015625 0.866666666015625 0.6981481484375 0.877083333984375 0.693518517578125 0.894791666015625 0.675 0.897916666015625 0.59907407421875 0.8875 0.592592591796875 0.875 0.593518517578125 0.793229166015625 0.6518518515625 0.785416666015625 0.662037037109375 0.7828125 0.67592592578125 0.778125 0.683333333984375 0.777083333984375 0.688888888671875 0.7828125 0.6944444453125 0.78125 0.725 0.786458333984375 0.734259259765625
1 0.096354166015625 0.734259259765625 0.095833333984375 0.712962962890625 0.086458333984375 0.6981481484375 0.071354166015625 0.6981481484375 0.061458333984375 0.709259259765625 0.063541666015625 0.7268518515625 0.0765625 0.738888888671875 0.091145833984375 0.737962962890625 0.096354166015625 0.734259259765625
3 0.6171875 0.97407407421875 0.622916666015625 0.966666666015625 0.625 0.94907407421875 0.618229166015625 0.917592591796875 0.614583333984375 0.917592591796875 0.600520833984375 0.934259259765625 0.602604166015625 0.946296296875 0.597916666015625 0.966666666015625 0.599479166015625 0.982407408203125 0.6171875 0.97407407421875
3 0.851041666015625 0.8518518515625 0.847916666015625 0.84907407421875 0.844791666015625 0.836111111328125 0.841666666015625 0.837037037109375 0.834375 0.8518518515625 0.836458333984375 0.892592591796875 0.8390625 0.8944444453125 0.8484375 0.8805555546875 0.851041666015625 0.8518518515625
2 0.150520833984375 0.671296296875 0.175520833984375 0.6555555546875 0.1859375 0.653703703125 0.194791666015625 0.646296296875 0.206770833984375 0.642592591796875 0.2125 0.631481482421875 0.209375 0.612962962890625 0.213020833984375 0.5981481484375 0.2125 0.591666666015625 0.201041666015625 0.587037037109375 0.184375 0.5944444453125 0.174479166015625 0.593518517578125 0.1515625 0.59907407421875 0.146875 0.618518517578125 0.128645833984375 0.646296296875 0.127604166015625 0.661111111328125 0.132291666015625 0.671296296875 0.1359375 0.67222222265625 0.150520833984375 0.671296296875
2 0.1484375 0.615740740234375 0.151041666015625 0.60277777734375 0.1546875 0.59907407421875 0.190104166015625 0.590740740234375 0.195833333984375 0.585185185546875 0.1921875 0.57962962890625 0.179166666015625 0.57777777734375 0.143229166015625 0.592592591796875 0.126041666015625 0.6268518515625 0.127083333984375 0.637037037109375 0.130208333984375 0.642592591796875 0.14375 0.62407407421875 0.1484375 0.615740740234375
2 0.2265625 0.586111111328125 0.240625 0.591666666015625 0.250520833984375 0.586111111328125 0.25625 0.57777777734375 0.255208333984375 0.567592591796875 0.25 0.553703703125 0.241666666015625 0.539814814453125 0.224479166015625 0.531481482421875 0.202604166015625 0.536111111328125 0.202083333984375 0.539814814453125 0.209375 0.5481481484375 0.2078125 0.563888888671875 0.2265625 0.586111111328125
2 0.111979166015625 0.47592592578125 0.116666666015625 0.4731481484375 0.120833333984375 0.438888888671875 0.113020833984375 0.437037037109375 0.080208333984375 0.443518517578125 0.077083333984375 0.45277777734375 0.069270833984375 0.456481482421875 0.06875 0.47407407421875 0.074479166015625 0.4805555546875 0.085416666015625 0.482407408203125 0.111979166015625 0.47592592578125
2 0.640104166015625 0.516666666015625 0.655729166015625 0.50092592578125 0.655729166015625 0.49537037109375 0.661458333984375 0.483333333984375 0.661458333984375 0.47037037109375 0.6578125 0.466666666015625 0.642708333984375 0.465740740234375 0.613020833984375 0.475 0.604166666015625 0.484259259765625 0.597916666015625 0.49722222265625 0.596875 0.50462962890625 0.596354166015625 0.52222222265625 0.598958333984375 0.52962962890625 0.603125 0.531481482421875 0.640104166015625 0.516666666015625
2 0.828645833984375 0.414814814453125 0.833854166015625 0.42037037109375 0.844791666015625 0.413888888671875 0.848958333984375 0.42037037109375 0.866666666015625 0.418518517578125 0.877083333984375 0.411111111328125 0.875 0.391666666015625 0.865625 0.3805555546875 0.839583333984375 0.37592592578125 0.809895833984375 0.3805555546875 0.808333333984375 0.383333333984375 0.809895833984375 0.40277777734375 0.825 0.403703703125 0.828645833984375 0.414814814453125
2 0.435416666015625 0.562037037109375 0.45 0.562962962890625 0.4578125 0.55 0.457291666015625 0.518518517578125 0.4546875 0.513888888671875 0.421354166015625 0.521296296875 0.4140625 0.52592592578125 0.408854166015625 0.534259259765625 0.401041666015625 0.55277777734375 0.404166666015625 0.557407408203125 0.421354166015625 0.566666666015625 0.435416666015625 0.562037037109375
2 0.4546875 0.4444444453125 0.4515625 0.437037037109375 0.438541666015625 0.435185185546875 0.430208333984375 0.440740740234375 0.427604166015625 0.44907407421875 0.428645833984375 0.4694444453125 0.453125 0.47407407421875 0.455208333984375 0.462962962890625 0.4546875 0.4444444453125
2 0.299479166015625 0.60277777734375 0.302604166015625 0.60462962890625 0.310416666015625 0.60092592578125 0.311458333984375 0.586111111328125 0.316145833984375 0.57407407421875 0.3140625 0.558333333984375 0.294791666015625 0.5518518515625 0.278645833984375 0.556481482421875 0.272916666015625 0.567592591796875 0.272395833984375 0.57407407421875 0.276041666015625 0.578703703125 0.294270833984375 0.589814814453125 0.299479166015625 0.60277777734375