0 0.048828125 0.8369140625 0.0693359375 0.1064453125
0 0.0087890625 0.609375 0.017578125 0.072265625
0 0.837890625 0.880859375 0.13671875 0.236328125
2 0.2333984375 0.56640625 0.056640625 0.0732421875
2 0.1630859375 0.5048828125 0.037109375 0.048828125
2 0.43359375 0.546875 0.0849609375 0.0751953125
2 0.4736328125 0.4677734375 0.08984375 0.0634765625
2 0.458984375 0.4287109375 0.046875 0.0361328125
2 0.2705078125 0.4296875 0.068359375 0.060546875
2 0.2314453125 0.412109375 0.0458984375 0.0498046875
2 0.2734375 0.3857421875 0.04296875 0.037109375
2 0.83984375 0.4013671875 0.068359375 0.033203125