0 0.8349609375 0.8818359375 0.13671875 0.234375
0 0.041015625 0.712890625 0.08203125 0.1474609375
0 0.009765625 0.609375 0.01953125 0.0693359375
2 0.43359375 0.5458984375 0.08203125 0.0771484375
2 0.2958984375 0.5810546875 0.0537109375 0.064453125
2 0.2314453125 0.564453125 0.0625 0.08203125
2 0.162109375 0.5048828125 0.041015625 0.0419921875
2 0.4716796875 0.470703125 0.083984375 0.0654296875
2 0.458984375 0.4296875 0.044921875 0.0419921875
2 0.3671875 0.4345703125 0.05859375 0.052734375
2 0.2685546875 0.4228515625 0.0712890625 0.0576171875
2 0.2294921875 0.4091796875 0.046875 0.0458984375
2 0.2734375 0.3857421875 0.0390625 0.0400390625
2 0.8388671875 0.40234375 0.0703125 0.064453125