0 0.8310546875 0.8818359375 0.142578125 0.236328125
0 0.0732421875 0.8662109375 0.119140625 0.173828125
2 0.43359375 0.5439453125 0.076171875 0.078125
2 0.2333984375 0.5634765625 0.056640625 0.076171875
2 0.29296875 0.5810546875 0.05078125 0.07421875
2 0.470703125 0.4697265625 0.08203125 0.0703125
2 0.23046875 0.4091796875 0.041015625 0.041015625
2 0.2685546875 0.4267578125 0.064453125 0.0634765625
2 0.16015625 0.5048828125 0.0322265625 0.052734375
2 0.83984375 0.404296875 0.0654296875 0.0595703125
0 0 0.5714694453125 0.001355728515625 0.649268517578125 0.027397396484375 0.629510185546875 0 0.5714694453125