2 0.1611328125 0.50390625 0.03515625 0.052734375
2 0.4345703125 0.5400390625 0.080078125 0.0859375
2 0.2958984375 0.5771484375 0.0556640625 0.0888671875
2 0.2314453125 0.56640625 0.0576171875 0.0791015625
2 0.470703125 0.4716796875 0.091796875 0.0712890625
2 0.4619140625 0.427734375 0.0556640625 0.0439453125
2 0.3681640625 0.4306640625 0.0693359375 0.0595703125
2 0.2705078125 0.4228515625 0.0703125 0.0576171875
2 0.2734375 0.384765625 0.0400390625 0.041015625
2 0.2333984375 0.408203125 0.04296875 0.052734375
2 0.8408203125 0.4033203125 0.0654296875 0.0595703125
3 0.689453125 0.8876953125 0.0400390625 0.0908203125