0 0.148958333984375 0.836111111328125 0.178125 0.864814814453125 0.197916666015625 0.859259259765625 0.216666666015625 0.84722222265625 0.2171875 0.796296296875 0.214583333984375 0.778703703125 0.2109375 0.77222222265625 0.127083333984375 0.690740740234375 0.1125 0.691666666015625 0.094791666015625 0.70277777734375 0.094270833984375 0.7305555546875 0.101041666015625 0.77222222265625 0.144791666015625 0.825 0.148958333984375 0.836111111328125
0 0.852604166015625 0.9944444453125 0.880729166015625 0.962962962890625 0.885416666015625 0.95277777734375 0.886458333984375 0.941666666015625 0.892708333984375 0.811111111328125 0.890625 0.792592591796875 0.891666666015625 0.786111111328125 0.815625 0.8694444453125 0.809375 0.885185185546875 0.80625 0.913888888671875 0.803645833984375 0.966666666015625 0.8140625 0.97777777734375 0.844791666015625 0.99537037109375 0.852604166015625 0.9944444453125
0 0.188541666015625 0.92037037109375 0.164583333984375 0.92407407421875 0.1390625 0.936111111328125 0.140625 0.9694444453125 0.161979166015625 0.99907407421875 0.233333333984375 0.99907407421875 0.188541666015625 0.92037037109375
2 0.047916666015625 0.759259259765625 0.0484375 0.72592592578125 0.045833333984375 0.712037037109375 0.0421875 0.7055555546875 0.029166666015625 0.70092592578125 0.018229166015625 0.706481482421875 0.013541666015625 0.714814814453125 0.013541666015625 0.738888888671875 0.019270833984375 0.7555555546875 0.030729166015625 0.762962962890625 0.047916666015625 0.759259259765625
1 0.636979166015625 0.967592591796875 0.644270833984375 0.95462962890625 0.656770833984375 0.941666666015625 0.672395833984375 0.935185185546875 0.677604166015625 0.917592591796875 0.677083333984375 0.8981481484375 0.669791666015625 0.886111111328125 0.663020833984375 0.881481482421875 0.643229166015625 0.885185185546875 0.628125 0.89722222265625 0.603645833984375 0.937037037109375 0.603125 0.953703703125 0.60625 0.961111111328125 0.619270833984375 0.966666666015625 0.636979166015625 0.967592591796875
3 0.7 0.884259259765625 0.711458333984375 0.87962962890625 0.713020833984375 0.862962962890625 0.705729166015625 0.835185185546875 0.702604166015625 0.835185185546875 0.692708333984375 0.85092592578125 0.688541666015625 0.882407408203125 0.6890625 0.891666666015625 0.692708333984375 0.892592591796875 0.7 0.884259259765625
0 0.006770833984375 0.57962962890625 0.002604166015625 0.566666666015625 0.001041666015625 0.534259259765625 0 0.62407407421875 0.005208333984375 0.62407407421875 0.0078125 0.618518517578125 0.006770833984375 0.57962962890625
2 0.156770833984375 0.640740740234375 0.1796875 0.6305555546875 0.1890625 0.633333333984375 0.199479166015625 0.6194444453125 0.199479166015625 0.591666666015625 0.192708333984375 0.578703703125 0.177083333984375 0.57962962890625 0.153645833984375 0.587962962890625 0.144270833984375 0.59537037109375 0.1390625 0.612037037109375 0.130729166015625 0.6268518515625 0.130729166015625 0.637037037109375 0.133854166015625 0.64537037109375 0.146354166015625 0.64907407421875 0.156770833984375 0.640740740234375
2 0.220833333984375 0.687962962890625 0.238020833984375 0.6944444453125 0.2515625 0.682407408203125 0.2625 0.684259259765625 0.272395833984375 0.6805555546875 0.28125 0.656481482421875 0.280208333984375 0.635185185546875 0.277604166015625 0.625 0.265104166015625 0.6194444453125 0.2265625 0.637037037109375 0.216145833984375 0.64722222265625 0.208854166015625 0.67037037109375 0.202604166015625 0.6805555546875 0.202604166015625 0.696296296875 0.207291666015625 0.70092592578125 0.2125 0.7 0.220833333984375 0.687962962890625
2 0.275520833984375 0.74722222265625 0.286458333984375 0.7481481484375 0.3171875 0.736111111328125 0.318229166015625 0.681481482421875 0.316145833984375 0.656481482421875 0.289583333984375 0.665740740234375 0.284895833984375 0.671296296875 0.283854166015625 0.683333333984375 0.2734375 0.692592591796875 0.274479166015625 0.69907407421875 0.268229166015625 0.716666666015625 0.269791666015625 0.72962962890625 0.275520833984375 0.74722222265625
2 0.849479166015625 0.413888888671875 0.866145833984375 0.42407407421875 0.878645833984375 0.407407408203125 0.880208333984375 0.39722222265625 0.863541666015625 0.378703703125 0.8453125 0.3731481484375 0.820833333984375 0.37407407421875 0.809895833984375 0.383333333984375 0.809895833984375 0.4018518515625 0.827604166015625 0.407407408203125 0.834375 0.42222222265625 0.849479166015625 0.413888888671875