0 0.1609375 0.8444444453125 0.171354166015625 0.842592591796875 0.199479166015625 0.828703703125 0.193229166015625 0.762037037109375 0.161979166015625 0.7231481484375 0.135416666015625 0.7055555546875 0.1265625 0.688888888671875 0.113020833984375 0.67777777734375 0.083333333984375 0.688888888671875 0.079166666015625 0.70277777734375 0.086979166015625 0.758333333984375 0.111458333984375 0.785185185546875 0.139583333984375 0.825 0.1609375 0.8444444453125
0 0.585416666015625 0.95277777734375 0.5671875 0.941666666015625 0.5421875 0.934259259765625 0.523958333984375 0.942592591796875 0.509895833984375 0.959259259765625 0.4921875 0.967592591796875 0.4640625 0.993518517578125 0.465625 0.99907407421875 0.590104166015625 0.99907407421875 0.590104166015625 0.959259259765625 0.585416666015625 0.95277777734375
0 0.578125 0.92777777734375 0.588541666015625 0.92592592578125 0.602604166015625 0.913888888671875 0.614583333984375 0.911111111328125 0.621006771484375 0.901543517578125 0.644791666015625 0.881481482421875 0.671354166015625 0.864814814453125 0.677604166015625 0.856481482421875 0.697916666015625 0.8481481484375 0.718229166015625 0.82592592578125 0.734375 0.813888888671875 0.7421875 0.7981481484375 0.747916666015625 0.759259259765625 0.745833333984375 0.731481482421875 0.741145833984375 0.72222222265625 0.7140625 0.710185185546875 0.70625 0.711111111328125 0.625 0.768518517578125 0.602604166015625 0.77777777734375 0.563541666015625 0.803703703125 0.55 0.815740740234375 0.5453125 0.840740740234375 0.544791666015625 0.881481482421875 0.547916666015625 0.907407408203125 0.565625 0.92222222265625 0.578125 0.92777777734375
0 0.769791666015625 0.966666666015625 0.7734375 0.94907407421875 0.771875 0.946296296875 0.772916666015625 0.911111111328125 0.759895833984375 0.925 0.755729166015625 0.938888888671875 0.754166666015625 0.962962962890625 0.755208333984375 0.99907407421875 0.770833333984375 0.996296296875 0.771875 0.97037037109375 0.769791666015625 0.966666666015625
0 0.861458333984375 0.983333333984375 0.880729166015625 0.960185185546875 0.885416666015625 0.94722222265625 0.891666666015625 0.85092592578125 0.891666666015625 0.8018518515625 0.890104166015625 0.7981481484375 0.883333333984375 0.7981481484375 0.8734375 0.803703703125 0.828125 0.85277777734375 0.825 0.861111111328125 0.819791666015625 0.862037037109375 0.811458333984375 0.87592592578125 0.805729166015625 0.878703703125 0.805729166015625 0.887037037109375 0.803645833984375 0.890740740234375 0.799479166015625 0.887962962890625 0.790104166015625 0.890740740234375 0.78125 0.9 0.777083333984375 0.910185185546875 0.778125 0.9305555546875 0.7734375 0.99722222265625 0.855729166015625 0.99907407421875 0.861458333984375 0.983333333984375
0 0.848958333984375 0.69537037109375 0.868229166015625 0.67592592578125 0.8859375 0.663888888671875 0.895833333984375 0.661111111328125 0.897395833984375 0.6518518515625 0.897916666015625 0.5805555546875 0.895833333984375 0.57592592578125 0.886458333984375 0.5768518515625 0.867708333984375 0.587037037109375 0.853645833984375 0.60092592578125 0.836458333984375 0.6055555546875 0.819270833984375 0.615740740234375 0.813541666015625 0.62592592578125 0.804166666015625 0.633333333984375 0.801041666015625 0.643518517578125 0.800520833984375 0.67407407421875 0.804166666015625 0.692592591796875 0.824479166015625 0.703703703125 0.848958333984375 0.69537037109375
2 0.178645833984375 0.631481482421875 0.1890625 0.632407408203125 0.1984375 0.621296296875 0.200520833984375 0.612962962890625 0.200520833984375 0.59537037109375 0.196354166015625 0.582407408203125 0.1921875 0.578703703125 0.18125 0.578703703125 0.153645833984375 0.587962962890625 0.14375 0.59537037109375 0.130208333984375 0.6268518515625 0.13125 0.640740740234375 0.136458333984375 0.6481481484375 0.149479166015625 0.64722222265625 0.178645833984375 0.631481482421875
2 0.276041666015625 0.746296296875 0.283854166015625 0.7481481484375 0.3171875 0.737037037109375 0.31875 0.688888888671875 0.316666666015625 0.656481482421875 0.290104166015625 0.664814814453125 0.285416666015625 0.67037037109375 0.284895833984375 0.681481482421875 0.277083333984375 0.688888888671875 0.275 0.706481482421875 0.269270833984375 0.715740740234375 0.269791666015625 0.7305555546875 0.276041666015625 0.746296296875
2 0.213020833984375 0.692592591796875 0.219791666015625 0.687037037109375 0.240625 0.69537037109375 0.2453125 0.687037037109375 0.26875 0.687962962890625 0.280729166015625 0.659259259765625 0.279166666015625 0.62962962890625 0.272395833984375 0.62037037109375 0.263541666015625 0.6194444453125 0.2234375 0.638888888671875 0.215104166015625 0.65092592578125 0.2109375 0.664814814453125 0.202083333984375 0.681481482421875 0.202083333984375 0.69537037109375 0.206770833984375 0.70092592578125 0.2125 0.70092592578125 0.213020833984375 0.692592591796875
2 0.834895833984375 0.42222222265625 0.8390625 0.415740740234375 0.848958333984375 0.413888888671875 0.866145833984375 0.425 0.870833333984375 0.421296296875 0.872916666015625 0.410185185546875 0.877604166015625 0.408333333984375 0.877604166015625 0.39722222265625 0.874479166015625 0.389814814453125 0.863541666015625 0.378703703125 0.821875 0.37407407421875 0.8109375 0.381481482421875 0.810416666015625 0.40277777734375 0.821354166015625 0.40277777734375 0.827604166015625 0.407407408203125 0.834895833984375 0.42222222265625
1 0.1890625 0.95462962890625 0.213541666015625 0.95092592578125 0.222395833984375 0.937962962890625 0.221875 0.914814814453125 0.216145833984375 0.890740740234375 0.188541666015625 0.865740740234375 0.178645833984375 0.864814814453125 0.166145833984375 0.8694444453125 0.156770833984375 0.8805555546875 0.152083333984375 0.890740740234375 0.151041666015625 0.906481482421875 0.155729166015625 0.92037037109375 0.180729166015625 0.938888888671875 0.1890625 0.95462962890625