0 0.128645833984375 0.80462962890625 0.156770833984375 0.840740740234375 0.1609375 0.85092592578125 0.194791666015625 0.8805555546875 0.221354166015625 0.87037037109375 0.233854166015625 0.861111111328125 0.2296875 0.793518517578125 0.216666666015625 0.77962962890625 0.208333333984375 0.765740740234375 0.182291666015625 0.740740740234375 0.170833333984375 0.737037037109375 0.159375 0.72777777734375 0.153645833984375 0.713888888671875 0.140625 0.7 0.122916666015625 0.70277777734375 0.102083333984375 0.716666666015625 0.1015625 0.7305555546875 0.1078125 0.781481482421875 0.117708333984375 0.7981481484375 0.128645833984375 0.80462962890625
2 0.133333333984375 0.638888888671875 0.152604166015625 0.6 0.193229166015625 0.588888888671875 0.1953125 0.584259259765625 0.192708333984375 0.57962962890625 0.181770833984375 0.57777777734375 0.147395833984375 0.589814814453125 0.1390625 0.5981481484375 0.1328125 0.616666666015625 0.126041666015625 0.6268518515625 0.128125 0.640740740234375 0.133333333984375 0.638888888671875
0 0.150390625 0.6064453125 0.0009765625 0.0009765625
2 0.1546875 0.6731481484375 0.1671875 0.659259259765625 0.207291666015625 0.641666666015625 0.211979166015625 0.62962962890625 0.209375 0.6268518515625 0.208854166015625 0.5981481484375 0.213020833984375 0.5944444453125 0.205729166015625 0.587962962890625 0.1953125 0.587962962890625 0.152083333984375 0.6 0.147395833984375 0.615740740234375 0.129166666015625 0.64537037109375 0.127604166015625 0.658333333984375 0.1296875 0.662962962890625 0.149479166015625 0.664814814453125 0.1546875 0.6731481484375
2 0.424479166015625 0.55462962890625 0.427604166015625 0.557407408203125 0.428645833984375 0.563888888671875 0.444791666015625 0.557407408203125 0.45 0.560185185546875 0.459895833984375 0.546296296875 0.456770833984375 0.52222222265625 0.449479166015625 0.514814814453125 0.441145833984375 0.521296296875 0.431770833984375 0.5194444453125 0.418229166015625 0.52407407421875 0.411458333984375 0.537962962890625 0.408333333984375 0.539814814453125 0.4078125 0.542592591796875 0.416145833984375 0.556481482421875 0.421875 0.559259259765625 0.424479166015625 0.55462962890625
2 0.841145833984375 0.414814814453125 0.846875 0.40462962890625 0.852604166015625 0.413888888671875 0.8625 0.42222222265625 0.874479166015625 0.411111111328125 0.872916666015625 0.389814814453125 0.869791666015625 0.392592591796875 0.869270833984375 0.387037037109375 0.864583333984375 0.381481482421875 0.835416666015625 0.37777777734375 0.810416666015625 0.382407408203125 0.810416666015625 0.39907407421875 0.829166666015625 0.406481482421875 0.83125 0.4194444453125 0.841145833984375 0.414814814453125
2 0.451041666015625 0.4694444453125 0.452083333984375 0.45 0.4484375 0.438888888671875 0.4390625 0.435185185546875 0.4296875 0.441666666015625 0.427604166015625 0.4481481484375 0.4265625 0.456481482421875 0.428645833984375 0.4694444453125 0.4421875 0.4731481484375 0.451041666015625 0.4694444453125
2 0.546354166015625 0.418518517578125 0.544791666015625 0.40277777734375 0.541666666015625 0.39537037109375 0.533854166015625 0.390740740234375 0.5265625 0.392592591796875 0.526041666015625 0.39722222265625 0.5328125 0.4055555546875 0.5375 0.417592591796875 0.546354166015625 0.418518517578125
2 0.620833333984375 0.5268518515625 0.658333333984375 0.503703703125 0.661979166015625 0.4981481484375 0.663020833984375 0.488888888671875 0.661979166015625 0.468518517578125 0.658854166015625 0.465740740234375 0.641145833984375 0.466666666015625 0.611458333984375 0.47592592578125 0.604166666015625 0.484259259765625 0.597395833984375 0.503703703125 0.596354166015625 0.52222222265625 0.597916666015625 0.5268518515625 0.605208333984375 0.5305555546875 0.620833333984375 0.5268518515625
3 0.603125 0.982407408203125 0.621354166015625 0.968518517578125 0.624479166015625 0.94907407421875 0.622916666015625 0.931481482421875 0.61875 0.917592591796875 0.613541666015625 0.917592591796875 0.609895833984375 0.92407407421875 0.603125 0.92777777734375 0.600520833984375 0.934259259765625 0.602083333984375 0.94907407421875 0.597916666015625 0.9731481484375 0.599479166015625 0.981481482421875 0.603125 0.982407408203125
3 0.0953125 0.737962962890625 0.096875 0.734259259765625 0.096354166015625 0.713888888671875 0.086458333984375 0.6981481484375 0.071354166015625 0.6981481484375 0.061979166015625 0.707407408203125 0.0609375 0.717592591796875 0.063541666015625 0.728703703125 0.077604166015625 0.740740740234375 0.0953125 0.737962962890625
1 0.094791666015625 0.737962962890625 0.096875 0.734259259765625 0.096354166015625 0.712962962890625 0.086458333984375 0.6981481484375 0.071354166015625 0.6981481484375 0.061458333984375 0.708333333984375 0.0609375 0.717592591796875 0.063541666015625 0.72777777734375 0.077604166015625 0.740740740234375 0.094791666015625 0.737962962890625
2 0.294270833984375 0.589814814453125 0.3 0.603703703125 0.310416666015625 0.60277777734375 0.313020833984375 0.582407408203125 0.316666666015625 0.578703703125 0.315625 0.560185185546875 0.310416666015625 0.556481482421875 0.2890625 0.5518518515625 0.278645833984375 0.556481482421875 0.275 0.562037037109375 0.271354166015625 0.57037037109375 0.272916666015625 0.575 0.279166666015625 0.582407408203125 0.294270833984375 0.589814814453125
2 0.226041666015625 0.585185185546875 0.241145833984375 0.591666666015625 0.252604166015625 0.584259259765625 0.25625 0.57777777734375 0.255208333984375 0.567592591796875 0.2484375 0.55 0.241145833984375 0.538888888671875 0.2234375 0.531481482421875 0.202604166015625 0.536111111328125 0.202604166015625 0.541666666015625 0.207291666015625 0.54537037109375 0.207291666015625 0.562962962890625 0.226041666015625 0.585185185546875
2 0.1 0.475 0.102604166015625 0.47962962890625 0.1078125 0.4731481484375 0.116145833984375 0.4731481484375 0.120833333984375 0.438888888671875 0.116145833984375 0.437037037109375 0.080208333984375 0.443518517578125 0.077604166015625 0.4518518515625 0.068229166015625 0.459259259765625 0.069270833984375 0.4768518515625 0.074479166015625 0.4805555546875 0.0953125 0.475 0.1 0.475