0 0.0984375 0.8731481484375 0.1171875 0.8944444453125 0.150520833984375 0.884259259765625 0.15625 0.878703703125 0.158854166015625 0.865740740234375 0.153125 0.832407408203125 0.1546875 0.810185185546875 0.1453125 0.796296296875 0.128125 0.7805555546875 0.121354166015625 0.765740740234375 0.096875 0.746296296875 0.086979166015625 0.736111111328125 0.081770833984375 0.72407407421875 0.070833333984375 0.714814814453125 0.063541666015625 0.712962962890625 0.048958333984375 0.716666666015625 0.038541666015625 0.72407407421875 0.0359375 0.72962962890625 0.034895833984375 0.7481481484375 0.039583333984375 0.79907407421875 0.058333333984375 0.818518517578125 0.0984375 0.8731481484375
0 0.590625 0.9518518515625 0.5921875 0.956481482421875 0.6 0.963888888671875 0.621354166015625 0.97407407421875 0.6375 0.975 0.649479166015625 0.962037037109375 0.669270833984375 0.94907407421875 0.677083333984375 0.936111111328125 0.7046875 0.90462962890625 0.721354166015625 0.887037037109375 0.7359375 0.87777777734375 0.75625 0.85277777734375 0.761979166015625 0.85 0.7625 0.84537037109375 0.7703125 0.835185185546875 0.771875 0.821296296875 0.761979166015625 0.818518517578125 0.760416666015625 0.814814814453125 0.764583333984375 0.79907407421875 0.774479166015625 0.79537037109375 0.777604166015625 0.789814814453125 0.778125 0.7518518515625 0.765625 0.737962962890625 0.740625 0.733333333984375 0.731770833984375 0.740740740234375 0.722916666015625 0.75462962890625 0.711458333984375 0.756481482421875 0.688541666015625 0.7768518515625 0.6796875 0.792592591796875 0.6671875 0.80462962890625 0.658333333984375 0.811111111328125 0.641666666015625 0.815740740234375 0.615625 0.838888888671875 0.611458333984375 0.8518518515625 0.592708333984375 0.87037037109375 0.590104166015625 0.889814814453125 0.5921875 0.89907407421875 0.589583333984375 0.90277777734375 0.591666666015625 0.913888888671875 0.590625 0.9518518515625
1 0.0359375 0.7194444453125 0.030208333984375 0.708333333984375 0.015104166015625 0.707407408203125 0.0109375 0.710185185546875 0.005729166015625 0.72037037109375 0.007291666015625 0.734259259765625 0.019270833984375 0.746296296875 0.0359375 0.740740740234375 0.0359375 0.7194444453125
1 0.091145833984375 0.737962962890625 0.0953125 0.737962962890625 0.096875 0.733333333984375 0.095833333984375 0.712962962890625 0.0875 0.69907407421875 0.0765625 0.696296296875 0.0625 0.707407408203125 0.063020833984375 0.712037037109375 0.070833333984375 0.713888888671875 0.083333333984375 0.725 0.091145833984375 0.737962962890625
2 0.157291666015625 0.67222222265625 0.1609375 0.664814814453125 0.165104166015625 0.662962962890625 0.16875 0.665740740234375 0.1734375 0.661111111328125 0.1890625 0.662962962890625 0.191666666015625 0.65092592578125 0.196354166015625 0.64722222265625 0.205729166015625 0.6481481484375 0.211458333984375 0.637962962890625 0.209375 0.60092592578125 0.2125 0.59537037109375 0.211979166015625 0.591666666015625 0.194791666015625 0.587037037109375 0.191666666015625 0.591666666015625 0.18125 0.59537037109375 0.1515625 0.59907407421875 0.145833333984375 0.6194444453125 0.129166666015625 0.64537037109375 0.128125 0.660185185546875 0.1296875 0.666666666015625 0.134895833984375 0.67222222265625 0.157291666015625 0.67222222265625
2 0.240104166015625 0.7 0.244791666015625 0.687962962890625 0.268229166015625 0.682407408203125 0.284375 0.662962962890625 0.286979166015625 0.64907407421875 0.284375 0.62777777734375 0.278125 0.6194444453125 0.26875 0.618518517578125 0.2296875 0.636111111328125 0.220833333984375 0.646296296875 0.215104166015625 0.663888888671875 0.206770833984375 0.678703703125 0.20625 0.686111111328125 0.209375 0.6981481484375 0.2203125 0.706481482421875 0.240104166015625 0.7
2 0.154166666015625 0.59722222265625 0.185416666015625 0.593518517578125 0.192708333984375 0.590740740234375 0.1953125 0.585185185546875 0.191145833984375 0.57962962890625 0.18125 0.578703703125 0.147916666015625 0.589814814453125 0.139583333984375 0.59722222265625 0.13125 0.62037037109375 0.1265625 0.62592592578125 0.127604166015625 0.638888888671875 0.130208333984375 0.641666666015625 0.141666666015625 0.625 0.154166666015625 0.59722222265625
2 0.115625 0.47222222265625 0.121354166015625 0.438888888671875 0.115104166015625 0.437037037109375 0.080729166015625 0.443518517578125 0.075 0.45462962890625 0.069270833984375 0.456481482421875 0.069791666015625 0.4768518515625 0.075520833984375 0.4805555546875 0.086458333984375 0.481481482421875 0.115625 0.47222222265625
2 0.3109375 0.607407408203125 0.315625 0.613888888671875 0.332291666015625 0.609259259765625 0.3328125 0.59722222265625 0.3375 0.583333333984375 0.336979166015625 0.57037037109375 0.334375 0.564814814453125 0.310416666015625 0.559259259765625 0.301041666015625 0.562962962890625 0.296875 0.57037037109375 0.291666666015625 0.585185185546875 0.299479166015625 0.5981481484375 0.3 0.603703703125 0.3109375 0.607407408203125
2 0.216666666015625 0.57592592578125 0.2375 0.592592591796875 0.247916666015625 0.587962962890625 0.255729166015625 0.57962962890625 0.25625 0.57037037109375 0.249479166015625 0.54907407421875 0.245833333984375 0.5444444453125 0.225520833984375 0.532407408203125 0.208333333984375 0.536111111328125 0.207291666015625 0.542592591796875 0.209895833984375 0.55092592578125 0.2078125 0.562962962890625 0.216666666015625 0.57592592578125
2 0.425 0.568518517578125 0.434895833984375 0.562037037109375 0.450520833984375 0.562962962890625 0.4578125 0.55 0.458333333984375 0.5194444453125 0.4546875 0.513888888671875 0.441666666015625 0.514814814453125 0.4203125 0.52222222265625 0.409895833984375 0.532407408203125 0.400520833984375 0.55 0.400520833984375 0.553703703125 0.406770833984375 0.560185185546875 0.425 0.568518517578125
2 0.8296875 0.418518517578125 0.834375 0.421296296875 0.8484375 0.412037037109375 0.852083333984375 0.417592591796875 0.866145833984375 0.425 0.870833333984375 0.42222222265625 0.876041666015625 0.407407408203125 0.876041666015625 0.39722222265625 0.873958333984375 0.391666666015625 0.863541666015625 0.3805555546875 0.83125 0.3768518515625 0.818229166015625 0.37777777734375 0.808854166015625 0.384259259765625 0.808333333984375 0.40462962890625 0.814583333984375 0.408333333984375 0.822395833984375 0.403703703125 0.8296875 0.418518517578125
2 0.620833333984375 0.5268518515625 0.6328125 0.517592591796875 0.640104166015625 0.516666666015625 0.663020833984375 0.4981481484375 0.6640625 0.466666666015625 0.661458333984375 0.462037037109375 0.65 0.462962962890625 0.6125 0.475 0.605729166015625 0.481481482421875 0.597395833984375 0.5018518515625 0.596354166015625 0.521296296875 0.598958333984375 0.52777777734375 0.6125 0.52962962890625 0.620833333984375 0.5268518515625