1 0.099479166015625 0.7268518515625 0.096354166015625 0.712037037109375 0.085416666015625 0.69907407421875 0.070833333984375 0.70092592578125 0.0625 0.709259259765625 0.063020833984375 0.7268518515625 0.077083333984375 0.741666666015625 0.0953125 0.739814814453125 0.099479166015625 0.7268518515625
1 0.722916666015625 0.97962962890625 0.73125 0.97222222265625 0.7375 0.971296296875 0.741666666015625 0.959259259765625 0.742708333984375 0.9444444453125 0.738541666015625 0.935185185546875 0.723958333984375 0.92777777734375 0.700520833984375 0.92592592578125 0.678125 0.94907407421875 0.6671875 0.97037037109375 0.6671875 0.981481482421875 0.674479166015625 0.99907407421875 0.709375 0.99907407421875 0.722916666015625 0.97962962890625
0 0.8234375 0.703703703125 0.844791666015625 0.696296296875 0.881770833984375 0.666666666015625 0.89375 0.663888888671875 0.895833333984375 0.660185185546875 0.897916666015625 0.646296296875 0.8984375 0.586111111328125 0.896875 0.582407408203125 0.888020833984375 0.57962962890625 0.874479166015625 0.581481482421875 0.861979166015625 0.588888888671875 0.848958333984375 0.603703703125 0.831770833984375 0.606481482421875 0.816666666015625 0.616666666015625 0.811979166015625 0.6268518515625 0.8 0.636111111328125 0.796875 0.6555555546875 0.799479166015625 0.689814814453125 0.8015625 0.693518517578125 0.8234375 0.703703703125
2 0.15625 0.67222222265625 0.20625 0.646296296875 0.2109375 0.637037037109375 0.2109375 0.593518517578125 0.2046875 0.587962962890625 0.1953125 0.587962962890625 0.186458333984375 0.593518517578125 0.152604166015625 0.5981481484375 0.15 0.603703703125 0.149479166015625 0.615740740234375 0.128645833984375 0.646296296875 0.127604166015625 0.658333333984375 0.1296875 0.666666666015625 0.1375 0.67222222265625 0.15625 0.67222222265625
2 0.153645833984375 0.6 0.192708333984375 0.590740740234375 0.195833333984375 0.587962962890625 0.195833333984375 0.584259259765625 0.191145833984375 0.578703703125 0.181770833984375 0.578703703125 0.144270833984375 0.592592591796875 0.126041666015625 0.6268518515625 0.127083333984375 0.639814814453125 0.130729166015625 0.642592591796875 0.1453125 0.621296296875 0.153645833984375 0.6
2 0.216666666015625 0.5805555546875 0.2375 0.593518517578125 0.250520833984375 0.586111111328125 0.256770833984375 0.57777777734375 0.25625 0.57037037109375 0.243229166015625 0.540740740234375 0.225520833984375 0.532407408203125 0.204166666015625 0.535185185546875 0.202604166015625 0.540740740234375 0.209895833984375 0.5481481484375 0.207291666015625 0.563888888671875 0.216666666015625 0.5805555546875
2 0.213541666015625 0.70277777734375 0.221875 0.7055555546875 0.230729166015625 0.703703703125 0.231770833984375 0.6981481484375 0.241666666015625 0.6981481484375 0.244791666015625 0.687962962890625 0.259895833984375 0.686111111328125 0.2734375 0.678703703125 0.284375 0.662037037109375 0.286979166015625 0.646296296875 0.282291666015625 0.6231481484375 0.2765625 0.618518517578125 0.268229166015625 0.618518517578125 0.227083333984375 0.637962962890625 0.219270833984375 0.64907407421875 0.213020833984375 0.668518517578125 0.20625 0.67962962890625 0.20625 0.686111111328125 0.213541666015625 0.70277777734375
2 0.4515625 0.562037037109375 0.4578125 0.5481481484375 0.458854166015625 0.518518517578125 0.454166666015625 0.512962962890625 0.448958333984375 0.512962962890625 0.419270833984375 0.52222222265625 0.4140625 0.52592592578125 0.4015625 0.5481481484375 0.403125 0.556481482421875 0.420833333984375 0.566666666015625 0.4390625 0.561111111328125 0.4515625 0.562037037109375
2 0.3828125 0.6305555546875 0.3859375 0.628703703125 0.3890625 0.609259259765625 0.394270833984375 0.6055555546875 0.3875 0.583333333984375 0.359375 0.57592592578125 0.34375 0.584259259765625 0.336458333984375 0.6018518515625 0.334375 0.615740740234375 0.338020833984375 0.62407407421875 0.366666666015625 0.62407407421875 0.3828125 0.6305555546875
2 0.116145833984375 0.47407407421875 0.120833333984375 0.442592591796875 0.119270833984375 0.438888888671875 0.1109375 0.437962962890625 0.080729166015625 0.443518517578125 0.077083333984375 0.45092592578125 0.069270833984375 0.457407408203125 0.069270833984375 0.475 0.074479166015625 0.4805555546875 0.10625 0.47962962890625 0.116145833984375 0.47407407421875
2 0.658854166015625 0.50277777734375 0.6625 0.489814814453125 0.6609375 0.47037037109375 0.657291666015625 0.466666666015625 0.640104166015625 0.465740740234375 0.613020833984375 0.475 0.60625 0.4805555546875 0.597395833984375 0.50277777734375 0.596875 0.5194444453125 0.600520833984375 0.532407408203125 0.620833333984375 0.5268518515625 0.658854166015625 0.50277777734375
2 0.451041666015625 0.466666666015625 0.452083333984375 0.4481481484375 0.446354166015625 0.437037037109375 0.4390625 0.435185185546875 0.434375 0.437962962890625 0.428125 0.4481481484375 0.427083333984375 0.459259259765625 0.428645833984375 0.468518517578125 0.442708333984375 0.4731481484375 0.451041666015625 0.466666666015625
2 0.828125 0.410185185546875 0.827604166015625 0.421296296875 0.834895833984375 0.421296296875 0.844270833984375 0.412037037109375 0.8484375 0.412037037109375 0.866145833984375 0.425 0.870833333984375 0.421296296875 0.8703125 0.416666666015625 0.875520833984375 0.3981481484375 0.869791666015625 0.384259259765625 0.860416666015625 0.378703703125 0.8203125 0.3768518515625 0.810416666015625 0.3805555546875 0.808854166015625 0.383333333984375 0.809375 0.4018518515625 0.826041666015625 0.40462962890625 0.828125 0.410185185546875