0 0.890625 0.789814814453125 0.89375 0.7731481484375 0.896875 0.712962962890625 0.896354166015625 0.681481482421875 0.89375 0.67962962890625 0.8765625 0.693518517578125 0.820833333984375 0.7481481484375 0.8140625 0.771296296875 0.813020833984375 0.803703703125 0.8109375 0.813888888671875 0.810416666015625 0.828703703125 0.813020833984375 0.835185185546875 0.83125 0.846296296875 0.890625 0.789814814453125
0 0.135243228515625 0.816358333984375 0.141145833984375 0.828703703125 0.1703125 0.8555555546875 0.206770833984375 0.842592591796875 0.210416666015625 0.837962962890625 0.207291666015625 0.80462962890625 0.204166666015625 0.792592591796875 0.203645833984375 0.7731481484375 0.193229166015625 0.761111111328125 0.1859375 0.74722222265625 0.1640625 0.725 0.14375 0.713888888671875 0.135416666015625 0.69907407421875 0.1234375 0.686111111328125 0.107291666015625 0.687962962890625 0.089583333984375 0.69722222265625 0.086979166015625 0.7018518515625 0.0859375 0.716666666015625 0.090104166015625 0.756481482421875 0.093229166015625 0.764814814453125 0.135243228515625 0.816358333984375
0 0.325 0.996296296875 0.319270833984375 0.986111111328125 0.265625 0.932407408203125 0.242708333984375 0.937962962890625 0.223958333984375 0.9481481484375 0.220833333984375 0.95277777734375 0.2203125 0.9944444453125 0.221875 0.99907407421875 0.324479166015625 0.99907407421875 0.325 0.996296296875
0 0.7703125 0.962962962890625 0.7671875 0.95462962890625 0.76875 0.940740740234375 0.7671875 0.936111111328125 0.770833333984375 0.92407407421875 0.769270833984375 0.913888888671875 0.759375 0.921296296875 0.744270833984375 0.939814814453125 0.740104166015625 0.95462962890625 0.738541666015625 0.97592592578125 0.738020833984375 0.9944444453125 0.739583333984375 0.99907407421875 0.769270833984375 0.99907407421875 0.7703125 0.962962962890625
0 0.848958333984375 0.99907407421875 0.855729166015625 0.992592591796875 0.880729166015625 0.960185185546875 0.8859375 0.946296296875 0.891666666015625 0.84907407421875 0.8921875 0.796296296875 0.889583333984375 0.7944444453125 0.879166666015625 0.8018518515625 0.803645833984375 0.87592592578125 0.782291666015625 0.89907407421875 0.778125 0.910185185546875 0.7765625 0.958333333984375 0.7765625 0.9944444453125 0.778125 0.99907407421875 0.848958333984375 0.99907407421875
0 0.6390625 0.95092592578125 0.647395833984375 0.953703703125 0.65625 0.9518518515625 0.665625 0.943518517578125 0.683333333984375 0.936111111328125 0.700520833984375 0.913888888671875 0.761458333984375 0.860185185546875 0.772916666015625 0.84537037109375 0.774479166015625 0.835185185546875 0.7734375 0.821296296875 0.778645833984375 0.813888888671875 0.784895833984375 0.82592592578125 0.79375 0.8268518515625 0.7984375 0.8231481484375 0.804166666015625 0.809259259765625 0.802604166015625 0.793518517578125 0.804166666015625 0.789814814453125 0.803645833984375 0.739814814453125 0.8 0.734259259765625 0.7796875 0.72592592578125 0.766145833984375 0.725 0.616145833984375 0.842592591796875 0.616666666015625 0.865740740234375 0.611979166015625 0.89907407421875 0.6140625 0.936111111328125 0.6390625 0.95092592578125
0 0.6109375 0.884259259765625 0.613541666015625 0.87962962890625 0.614583333984375 0.841666666015625 0.6171875 0.837962962890625 0.6890625 0.786111111328125 0.705208333984375 0.768518517578125 0.7203125 0.760185185546875 0.744270833984375 0.737962962890625 0.75625 0.735185185546875 0.767708333984375 0.725 0.779166666015625 0.725 0.78125 0.72037037109375 0.78125 0.709259259765625 0.778645833984375 0.69907407421875 0.7734375 0.6944444453125 0.747395833984375 0.687962962890625 0.663541666015625 0.740740740234375 0.634895833984375 0.75462962890625 0.616145833984375 0.7694444453125 0.607291666015625 0.77222222265625 0.597916666015625 0.785185185546875 0.594791666015625 0.796296296875 0.592708333984375 0.82962962890625 0.594270833984375 0.868518517578125 0.598958333984375 0.87777777734375 0.6109375 0.884259259765625
2 0.1765625 0.633333333984375 0.1890625 0.634259259765625 0.2 0.62037037109375 0.200520833984375 0.59537037109375 0.196354166015625 0.582407408203125 0.192708333984375 0.578703703125 0.178645833984375 0.578703703125 0.154166666015625 0.587037037109375 0.143229166015625 0.59537037109375 0.130729166015625 0.62592592578125 0.13125 0.639814814453125 0.136458333984375 0.6481481484375 0.1484375 0.64907407421875 0.1765625 0.633333333984375
2 0.216666666015625 0.687037037109375 0.238020833984375 0.693518517578125 0.251041666015625 0.681481482421875 0.2625 0.683333333984375 0.271354166015625 0.67962962890625 0.280729166015625 0.658333333984375 0.28125 0.646296296875 0.278645833984375 0.628703703125 0.272395833984375 0.62037037109375 0.2625 0.62037037109375 0.2234375 0.638888888671875 0.215625 0.65 0.2109375 0.664814814453125 0.202083333984375 0.681481482421875 0.201041666015625 0.686111111328125 0.203645833984375 0.69907407421875 0.2109375 0.70092592578125 0.216666666015625 0.687037037109375
2 0.318229166015625 0.72407407421875 0.316666666015625 0.657407408203125 0.313541666015625 0.6555555546875 0.288020833984375 0.665740740234375 0.284895833984375 0.671296296875 0.284895833984375 0.678703703125 0.278645833984375 0.686111111328125 0.275520833984375 0.708333333984375 0.269791666015625 0.712962962890625 0.269791666015625 0.731481482421875 0.278645833984375 0.7481481484375 0.315625 0.737037037109375 0.318229166015625 0.72407407421875
2 0.831770833984375 0.42222222265625 0.846354166015625 0.412962962890625 0.858854166015625 0.4231481484375 0.867708333984375 0.425 0.878125 0.407407408203125 0.873958333984375 0.388888888671875 0.8640625 0.378703703125 0.846875 0.37407407421875 0.822395833984375 0.37407407421875 0.811458333984375 0.3805555546875 0.809895833984375 0.383333333984375 0.810416666015625 0.40277777734375 0.825520833984375 0.40462962890625 0.831770833984375 0.42222222265625