1 0.206770833984375 0.837962962890625 0.2046875 0.82222222265625 0.189583333984375 0.8 0.169791666015625 0.8018518515625 0.157291666015625 0.811111111328125 0.157291666015625 0.82777777734375 0.179166666015625 0.85462962890625 0.202604166015625 0.84907407421875 0.206770833984375 0.837962962890625
2 0.142708333984375 0.671296296875 0.1515625 0.6694444453125 0.160416666015625 0.659259259765625 0.164583333984375 0.662962962890625 0.2046875 0.64537037109375 0.211458333984375 0.636111111328125 0.211979166015625 0.6305555546875 0.209375 0.591666666015625 0.194270833984375 0.587037037109375 0.185416666015625 0.5944444453125 0.171875 0.593518517578125 0.152083333984375 0.5981481484375 0.141145833984375 0.62777777734375 0.128645833984375 0.646296296875 0.127604166015625 0.657407408203125 0.129166666015625 0.662962962890625 0.134895833984375 0.671296296875 0.142708333984375 0.671296296875
2 0.153645833984375 0.60092592578125 0.172395833984375 0.593518517578125 0.1921875 0.591666666015625 0.1953125 0.584259259765625 0.1921875 0.57962962890625 0.185416666015625 0.57777777734375 0.147395833984375 0.589814814453125 0.1390625 0.5981481484375 0.127083333984375 0.625 0.1265625 0.639814814453125 0.1296875 0.643518517578125 0.1421875 0.62592592578125 0.153645833984375 0.60092592578125
2 0.238020833984375 0.591666666015625 0.2515625 0.585185185546875 0.25625 0.57777777734375 0.255729166015625 0.57037037109375 0.249479166015625 0.55277777734375 0.242708333984375 0.540740740234375 0.21875 0.532407408203125 0.211458333984375 0.536111111328125 0.209375 0.542592591796875 0.207291666015625 0.562962962890625 0.219270833984375 0.57777777734375 0.223958333984375 0.57777777734375 0.238020833984375 0.591666666015625
2 0.2296875 0.7055555546875 0.240625 0.69907407421875 0.24375 0.688888888671875 0.2484375 0.685185185546875 0.265625 0.682407408203125 0.279166666015625 0.671296296875 0.286979166015625 0.6481481484375 0.284375 0.628703703125 0.276041666015625 0.618518517578125 0.265104166015625 0.618518517578125 0.2296875 0.636111111328125 0.220833333984375 0.646296296875 0.214583333984375 0.665740740234375 0.207291666015625 0.67777777734375 0.20625 0.685185185546875 0.208333333984375 0.693518517578125 0.216666666015625 0.7055555546875 0.2296875 0.7055555546875
2 0.447916666015625 0.438888888671875 0.442708333984375 0.435185185546875 0.434375 0.437962962890625 0.429166666015625 0.442592591796875 0.427604166015625 0.45 0.428645833984375 0.468518517578125 0.453125 0.4731481484375 0.453645833984375 0.44722222265625 0.447916666015625 0.438888888671875
2 0.4296875 0.563888888671875 0.453125 0.561111111328125 0.458333333984375 0.55 0.4578125 0.517592591796875 0.45625 0.513888888671875 0.449479166015625 0.512962962890625 0.421354166015625 0.521296296875 0.4140625 0.52592592578125 0.402083333984375 0.54722222265625 0.4015625 0.55277777734375 0.404166666015625 0.557407408203125 0.424479166015625 0.568518517578125 0.4296875 0.563888888671875
2 0.382291666015625 0.6305555546875 0.386458333984375 0.628703703125 0.3890625 0.608333333984375 0.391145833984375 0.6055555546875 0.389583333984375 0.587962962890625 0.386979166015625 0.584259259765625 0.361979166015625 0.5768518515625 0.352083333984375 0.57777777734375 0.343229166015625 0.584259259765625 0.334895833984375 0.6055555546875 0.334895833984375 0.612962962890625 0.338541666015625 0.62407407421875 0.3671875 0.62407407421875 0.382291666015625 0.6305555546875
2 0.659375 0.50277777734375 0.661979166015625 0.4981481484375 0.661979166015625 0.47777777734375 0.6609375 0.47037037109375 0.655729166015625 0.466666666015625 0.627604166015625 0.4694444453125 0.6078125 0.478703703125 0.597395833984375 0.49907407421875 0.596875 0.52037037109375 0.5984375 0.525 0.617708333984375 0.5268518515625 0.659375 0.50277777734375
2 0.111979166015625 0.47222222265625 0.119270833984375 0.4555555546875 0.1203125 0.441666666015625 0.108333333984375 0.438888888671875 0.080729166015625 0.443518517578125 0.075520833984375 0.453703703125 0.06875 0.456481482421875 0.06875 0.47407407421875 0.074479166015625 0.4805555546875 0.10625 0.47592592578125 0.111979166015625 0.47222222265625
2 0.827083333984375 0.407407408203125 0.825520833984375 0.421296296875 0.827604166015625 0.4231481484375 0.835416666015625 0.421296296875 0.844270833984375 0.413888888671875 0.86875 0.425 0.872395833984375 0.421296296875 0.877083333984375 0.39722222265625 0.866145833984375 0.3805555546875 0.844791666015625 0.37407407421875 0.809895833984375 0.3805555546875 0.808333333984375 0.383333333984375 0.809375 0.4018518515625 0.821875 0.40277777734375 0.827083333984375 0.407407408203125
0 0.802083333984375 0.693518517578125 0.822916666015625 0.703703703125 0.845833333984375 0.69537037109375 0.883854166015625 0.663888888671875 0.89375 0.663888888671875 0.895833333984375 0.660185185546875 0.897916666015625 0.64537037109375 0.8984375 0.586111111328125 0.89375 0.57962962890625 0.876041666015625 0.5805555546875 0.861979166015625 0.588888888671875 0.848958333984375 0.603703703125 0.83125 0.606481482421875 0.8171875 0.615740740234375 0.8 0.636111111328125 0.796875 0.6555555546875 0.798958333984375 0.666666666015625 0.798958333984375 0.687037037109375 0.802083333984375 0.693518517578125