1 0.636979166015625 0.966666666015625 0.644270833984375 0.953703703125 0.656770833984375 0.941666666015625 0.672395833984375 0.934259259765625 0.677604166015625 0.917592591796875 0.677083333984375 0.89907407421875 0.669270833984375 0.885185185546875 0.661458333984375 0.87962962890625 0.636979166015625 0.888888888671875 0.630729166015625 0.893518517578125 0.619270833984375 0.910185185546875 0.603645833984375 0.938888888671875 0.604166666015625 0.9555555546875 0.608333333984375 0.962037037109375 0.622395833984375 0.966666666015625 0.636979166015625 0.966666666015625
2 0.153645833984375 0.643518517578125 0.176041666015625 0.633333333984375 0.1890625 0.634259259765625 0.2 0.621296296875 0.201041666015625 0.596296296875 0.196354166015625 0.581481482421875 0.193229166015625 0.578703703125 0.178125 0.578703703125 0.1546875 0.587037037109375 0.144270833984375 0.5944444453125 0.13125 0.62407407421875 0.130729166015625 0.639814814453125 0.1359375 0.6481481484375 0.1484375 0.64907407421875 0.153645833984375 0.643518517578125
2 0.219270833984375 0.685185185546875 0.238541666015625 0.6944444453125 0.2484375 0.683333333984375 0.272395833984375 0.67962962890625 0.274479166015625 0.67222222265625 0.279166666015625 0.666666666015625 0.280729166015625 0.658333333984375 0.278645833984375 0.628703703125 0.274479166015625 0.62222222265625 0.264583333984375 0.62037037109375 0.2234375 0.638888888671875 0.215104166015625 0.65092592578125 0.208854166015625 0.67037037109375 0.202604166015625 0.6805555546875 0.203125 0.69722222265625 0.211458333984375 0.70092592578125 0.2140625 0.689814814453125 0.219270833984375 0.685185185546875
2 0.2765625 0.74722222265625 0.286979166015625 0.7481481484375 0.318229166015625 0.737037037109375 0.318229166015625 0.683333333984375 0.316145833984375 0.656481482421875 0.290104166015625 0.665740740234375 0.285416666015625 0.671296296875 0.284895833984375 0.682407408203125 0.277083333984375 0.687962962890625 0.272395833984375 0.710185185546875 0.26875 0.715740740234375 0.269270833984375 0.72962962890625 0.2765625 0.74722222265625
2 0.827604166015625 0.412962962890625 0.8328125 0.42222222265625 0.847916666015625 0.413888888671875 0.866666666015625 0.42407407421875 0.877604166015625 0.407407408203125 0.8796875 0.39722222265625 0.869270833984375 0.382407408203125 0.848958333984375 0.3731481484375 0.820833333984375 0.37407407421875 0.811458333984375 0.3805555546875 0.809895833984375 0.383333333984375 0.809895833984375 0.40277777734375 0.827083333984375 0.407407408203125 0.827604166015625 0.412962962890625
3 0.8078125 0.781481482421875 0.807291666015625 0.740740740234375 0.803125 0.737962962890625 0.793229166015625 0.756481482421875 0.7953125 0.768518517578125 0.792708333984375 0.782407408203125 0.79375 0.793518517578125 0.8078125 0.781481482421875
0 0.129166666015625 0.956481482421875 0.136458333984375 0.962037037109375 0.1421875 0.956481482421875 0.143229166015625 0.9444444453125 0.1375 0.893518517578125 0.134375 0.87592592578125 0.130208333984375 0.8694444453125 0.1203125 0.863888888671875 0.108854166015625 0.8481481484375 0.0828125 0.833333333984375 0.065625 0.8305555546875 0.058854166015625 0.833333333984375 0.041666666015625 0.817592591796875 0.036979166015625 0.807407408203125 0.027083333984375 0.803703703125 0.025520833984375 0.803703703125 0.025520833984375 0.808333333984375 0.036458333984375 0.82592592578125 0.129166666015625 0.956481482421875
0 0.142708333984375 0.82222222265625 0.15 0.837037037109375 0.180729166015625 0.865740740234375 0.208333333984375 0.85462962890625 0.216666666015625 0.84722222265625 0.216666666015625 0.821296296875 0.213020833984375 0.785185185546875 0.208854166015625 0.77222222265625 0.204166666015625 0.765740740234375 0.168229166015625 0.7305555546875 0.1609375 0.728703703125 0.158333333984375 0.7194444453125 0.1265625 0.690740740234375 0.1 0.69722222265625 0.095833333984375 0.7018518515625 0.094791666015625 0.709259259765625 0.094270833984375 0.732407408203125 0.099479166015625 0.77222222265625 0.105729166015625 0.77407407421875 0.142708333984375 0.82222222265625
0 0.853125 0.993518517578125 0.880729166015625 0.962962962890625 0.8859375 0.94907407421875 0.8921875 0.838888888671875 0.8921875 0.786111111328125 0.8765625 0.8 0.857291666015625 0.825 0.816145833984375 0.868518517578125 0.809375 0.885185185546875 0.805208333984375 0.925 0.803645833984375 0.967592591796875 0.81875 0.9805555546875 0.840625 0.992592591796875 0.853125 0.993518517578125
1 0.108854166015625 0.84722222265625 0.1109375 0.84537037109375 0.108333333984375 0.834259259765625 0.105729166015625 0.796296296875 0.097916666015625 0.77222222265625 0.088541666015625 0.763888888671875 0.070833333984375 0.765740740234375 0.063020833984375 0.7731481484375 0.058854166015625 0.783333333984375 0.059895833984375 0.814814814453125 0.064583333984375 0.82777777734375 0.08125 0.831481482421875 0.108854166015625 0.84722222265625
0 0 0.62407407421875 0.005729166015625 0.62407407421875 0.0078125 0.62037037109375 0.0078125 0.591666666015625 0.002083333984375 0.560185185546875 0.0015625 0.537037037109375 0 0.537037037109375 0 0.62407407421875