0 0.127604166015625 0.803703703125 0.1546875 0.836111111328125 0.1609375 0.85092592578125 0.194791666015625 0.8805555546875 0.2234375 0.8694444453125 0.233854166015625 0.861111111328125 0.234375 0.82037037109375 0.2296875 0.807407408203125 0.2296875 0.793518517578125 0.215625 0.778703703125 0.2078125 0.765740740234375 0.182291666015625 0.739814814453125 0.171354166015625 0.737037037109375 0.159375 0.7268518515625 0.154166666015625 0.714814814453125 0.139583333984375 0.70092592578125 0.124479166015625 0.70277777734375 0.102604166015625 0.715740740234375 0.1046875 0.768518517578125 0.108854166015625 0.784259259765625 0.118229166015625 0.7981481484375 0.127604166015625 0.803703703125
1 0.096875 0.734259259765625 0.096354166015625 0.713888888671875 0.0859375 0.69722222265625 0.071875 0.69907407421875 0.061458333984375 0.708333333984375 0.063020833984375 0.7268518515625 0.078125 0.740740740234375 0.0953125 0.737962962890625 0.096875 0.734259259765625
1 0.1140625 0.9305555546875 0.114583333984375 0.918518517578125 0.107291666015625 0.90277777734375 0.10625 0.893518517578125 0.084895833984375 0.87037037109375 0.078645833984375 0.867592591796875 0.070833333984375 0.8694444453125 0.069270833984375 0.8731481484375 0.071354166015625 0.87777777734375 0.106770833984375 0.928703703125 0.1140625 0.9305555546875
3 0.616666666015625 0.97037037109375 0.627083333984375 0.961111111328125 0.636979166015625 0.959259259765625 0.639583333984375 0.936111111328125 0.638020833984375 0.918518517578125 0.633854166015625 0.9055555546875 0.6296875 0.90462962890625 0.625 0.913888888671875 0.6171875 0.921296296875 0.618229166015625 0.934259259765625 0.613020833984375 0.957407408203125 0.614583333984375 0.968518517578125 0.616666666015625 0.97037037109375
2 0.141145833984375 0.671296296875 0.141666666015625 0.668518517578125 0.153125 0.663888888671875 0.1578125 0.665740740234375 0.2078125 0.641666666015625 0.2109375 0.636111111328125 0.208854166015625 0.611111111328125 0.213541666015625 0.59537037109375 0.2125 0.591666666015625 0.202083333984375 0.587037037109375 0.180729166015625 0.59537037109375 0.153125 0.59907407421875 0.141666666015625 0.6268518515625 0.128645833984375 0.646296296875 0.127604166015625 0.659259259765625 0.1296875 0.666666666015625 0.1328125 0.671296296875 0.141145833984375 0.671296296875
2 0.1515625 0.60277777734375 0.172916666015625 0.593518517578125 0.192708333984375 0.590740740234375 0.1953125 0.584259259765625 0.1921875 0.57962962890625 0.18125 0.57777777734375 0.146354166015625 0.590740740234375 0.1390625 0.59907407421875 0.1265625 0.6268518515625 0.127083333984375 0.637962962890625 0.130208333984375 0.642592591796875 0.147916666015625 0.614814814453125 0.1515625 0.60277777734375
2 0.20625 0.557407408203125 0.20625 0.563888888671875 0.219791666015625 0.587962962890625 0.231770833984375 0.587962962890625 0.238541666015625 0.592592591796875 0.251041666015625 0.586111111328125 0.25625 0.57777777734375 0.255208333984375 0.567592591796875 0.248958333984375 0.55092592578125 0.240625 0.538888888671875 0.223958333984375 0.531481482421875 0.202604166015625 0.536111111328125 0.202604166015625 0.540740740234375 0.2078125 0.54537037109375 0.209375 0.55092592578125 0.20625 0.557407408203125
2 0.3 0.603703703125 0.306770833984375 0.603703703125 0.310416666015625 0.6018518515625 0.310416666015625 0.587962962890625 0.316145833984375 0.57962962890625 0.316666666015625 0.561111111328125 0.3140625 0.557407408203125 0.289583333984375 0.5518518515625 0.280208333984375 0.5555555546875 0.272916666015625 0.566666666015625 0.271875 0.5731481484375 0.278125 0.581481482421875 0.294270833984375 0.589814814453125 0.3 0.603703703125
2 0.450520833984375 0.562037037109375 0.459375 0.55 0.457291666015625 0.517592591796875 0.453645833984375 0.513888888671875 0.419270833984375 0.52222222265625 0.408854166015625 0.534259259765625 0.401041666015625 0.55 0.4015625 0.553703703125 0.422916666015625 0.567592591796875 0.450520833984375 0.562037037109375
2 0.6203125 0.5268518515625 0.659375 0.503703703125 0.663020833984375 0.4981481484375 0.661979166015625 0.47037037109375 0.6578125 0.465740740234375 0.64375 0.465740740234375 0.611458333984375 0.47592592578125 0.60625 0.4805555546875 0.597395833984375 0.50092592578125 0.596354166015625 0.52222222265625 0.5984375 0.5268518515625 0.605208333984375 0.5305555546875 0.6203125 0.5268518515625
2 0.844791666015625 0.412037037109375 0.867708333984375 0.425 0.8765625 0.413888888671875 0.875520833984375 0.393518517578125 0.866145833984375 0.381481482421875 0.839583333984375 0.3768518515625 0.8171875 0.37777777734375 0.809895833984375 0.381481482421875 0.810416666015625 0.40277777734375 0.825520833984375 0.403703703125 0.834375 0.42037037109375 0.844791666015625 0.412037037109375
2 0.116666666015625 0.47222222265625 0.121354166015625 0.440740740234375 0.119791666015625 0.437037037109375 0.113541666015625 0.437037037109375 0.080729166015625 0.443518517578125 0.077083333984375 0.45277777734375 0.0703125 0.4555555546875 0.067708333984375 0.460185185546875 0.067708333984375 0.4731481484375 0.076041666015625 0.4805555546875 0.113541666015625 0.4768518515625 0.116666666015625 0.47222222265625
2 0.452604166015625 0.44907407421875 0.447395833984375 0.438888888671875 0.443229166015625 0.436111111328125 0.434375 0.437962962890625 0.4296875 0.441666666015625 0.427604166015625 0.4481481484375 0.428645833984375 0.4694444453125 0.441666666015625 0.4731481484375 0.452604166015625 0.47037037109375 0.452604166015625 0.44907407421875