0 0.1390625 0.825 0.160416666015625 0.8444444453125 0.171875 0.842592591796875 0.199479166015625 0.82777777734375 0.193229166015625 0.762037037109375 0.177083333984375 0.738888888671875 0.161458333984375 0.72222222265625 0.134895833984375 0.7055555546875 0.1265625 0.688888888671875 0.1125 0.67777777734375 0.084895833984375 0.688888888671875 0.08125 0.693518517578125 0.079166666015625 0.70277777734375 0.086979166015625 0.757407408203125 0.1265625 0.80462962890625 0.130729166015625 0.814814814453125 0.1390625 0.825
0 0.563541666015625 0.921296296875 0.577604166015625 0.92777777734375 0.585416666015625 0.9268518515625 0.603645833984375 0.914814814453125 0.623958333984375 0.885185185546875 0.645833333984375 0.865740740234375 0.65625 0.859259259765625 0.674479166015625 0.860185185546875 0.6890625 0.8481481484375 0.697916666015625 0.84907407421875 0.7375 0.806481482421875 0.741145833984375 0.8 0.744791666015625 0.77407407421875 0.745833333984375 0.734259259765625 0.741145833984375 0.7231481484375 0.709895833984375 0.710185185546875 0.632291666015625 0.766666666015625 0.619270833984375 0.768518517578125 0.602604166015625 0.7768518515625 0.582291666015625 0.793518517578125 0.5640625 0.8018518515625 0.552083333984375 0.812037037109375 0.547395833984375 0.821296296875 0.54375 0.841666666015625 0.545833333984375 0.89722222265625 0.5484375 0.907407408203125 0.563541666015625 0.921296296875
0 0.734375 0.99907407421875 0.749479166015625 0.983333333984375 0.753125 0.964814814453125 0.7546875 0.938888888671875 0.765625 0.913888888671875 0.778125 0.896296296875 0.7828125 0.89722222265625 0.8203125 0.859259259765625 0.828645833984375 0.859259259765625 0.852083333984375 0.831481482421875 0.8546875 0.82222222265625 0.861979166015625 0.813888888671875 0.863541666015625 0.7731481484375 0.861458333984375 0.764814814453125 0.836458333984375 0.7518518515625 0.823958333984375 0.7518518515625 0.8203125 0.75462962890625 0.817708333984375 0.762962962890625 0.808333333984375 0.765740740234375 0.804166666015625 0.7768518515625 0.791666666015625 0.783333333984375 0.786979166015625 0.8 0.782291666015625 0.803703703125 0.780729166015625 0.810185185546875 0.772395833984375 0.810185185546875 0.772395833984375 0.803703703125 0.769270833984375 0.8 0.7640625 0.809259259765625 0.755208333984375 0.809259259765625 0.751041666015625 0.821296296875 0.740625 0.8268518515625 0.7359375 0.838888888671875 0.684895833984375 0.887962962890625 0.6828125 0.893518517578125 0.68125 0.934259259765625 0.680208333984375 0.97222222265625 0.683333333984375 0.983333333984375 0.708333333984375 0.99907407421875 0.734375 0.99907407421875
0 0.85625 0.99907407421875 0.859895833984375 0.985185185546875 0.88125 0.960185185546875 0.884375 0.9518518515625 0.890104166015625 0.87962962890625 0.892708333984375 0.806481482421875 0.878645833984375 0.8 0.856770833984375 0.82407407421875 0.854166666015625 0.831481482421875 0.8453125 0.840740740234375 0.84375 0.84722222265625 0.816145833984375 0.87592592578125 0.806770833984375 0.890740740234375 0.796875 0.888888888671875 0.790625 0.891666666015625 0.781770833984375 0.9 0.777083333984375 0.911111111328125 0.767708333984375 0.913888888671875 0.758854166015625 0.928703703125 0.7546875 0.95277777734375 0.755208333984375 0.9694444453125 0.752604166015625 0.981481482421875 0.755729166015625 0.99907407421875 0.85625 0.99907407421875
0 0.789583333984375 0.7805555546875 0.7984375 0.77592592578125 0.819791666015625 0.75277777734375 0.827083333984375 0.74907407421875 0.863020833984375 0.759259259765625 0.869270833984375 0.75092592578125 0.888020833984375 0.737037037109375 0.89375 0.72777777734375 0.896875 0.637037037109375 0.883333333984375 0.633333333984375 0.869791666015625 0.641666666015625 0.831770833984375 0.67777777734375 0.819791666015625 0.6805555546875 0.802083333984375 0.6944444453125 0.797916666015625 0.703703703125 0.7859375 0.716666666015625 0.783854166015625 0.72407407421875 0.784375 0.763888888671875 0.7859375 0.77592592578125 0.789583333984375 0.7805555546875
0 0.832291666015625 0.67592592578125 0.86875 0.640740740234375 0.882291666015625 0.631481482421875 0.894270833984375 0.633333333984375 0.897395833984375 0.616666666015625 0.897916666015625 0.57777777734375 0.891666666015625 0.57407407421875 0.869791666015625 0.585185185546875 0.8515625 0.6018518515625 0.834375 0.6055555546875 0.823958333984375 0.612037037109375 0.803645833984375 0.633333333984375 0.8015625 0.641666666015625 0.8015625 0.689814814453125 0.8078125 0.688888888671875 0.819791666015625 0.678703703125 0.832291666015625 0.67592592578125
1 0.633854166015625 0.97592592578125 0.639583333984375 0.961111111328125 0.660416666015625 0.939814814453125 0.678645833984375 0.934259259765625 0.6828125 0.886111111328125 0.680729166015625 0.8731481484375 0.668229166015625 0.861111111328125 0.658854166015625 0.859259259765625 0.6515625 0.862962962890625 0.616666666015625 0.89722222265625 0.60625 0.913888888671875 0.604166666015625 0.92407407421875 0.5984375 0.935185185546875 0.597395833984375 0.9481481484375 0.6015625 0.966666666015625 0.616145833984375 0.975 0.633854166015625 0.97592592578125
1 0.155729166015625 0.641666666015625 0.170833333984375 0.635185185546875 0.183333333984375 0.631481482421875 0.1890625 0.633333333984375 0.199479166015625 0.62222222265625 0.200520833984375 0.596296296875 0.1953125 0.5805555546875 0.188541666015625 0.57777777734375 0.155729166015625 0.587037037109375 0.14375 0.59537037109375 0.138541666015625 0.612037037109375 0.13125 0.625 0.13125 0.639814814453125 0.136979166015625 0.6481481484375 0.147916666015625 0.64907407421875 0.155729166015625 0.641666666015625
1 0.219791666015625 0.684259259765625 0.2375 0.696296296875 0.242708333984375 0.696296296875 0.257291666015625 0.6805555546875 0.270833333984375 0.678703703125 0.280208333984375 0.658333333984375 0.278645833984375 0.62777777734375 0.272395833984375 0.62037037109375 0.264583333984375 0.6194444453125 0.2234375 0.638888888671875 0.217708333984375 0.64537037109375 0.202083333984375 0.682407408203125 0.203125 0.69722222265625 0.211979166015625 0.70092592578125 0.2140625 0.689814814453125 0.219791666015625 0.684259259765625
1 0.318229166015625 0.684259259765625 0.316145833984375 0.657407408203125 0.3078125 0.657407408203125 0.289583333984375 0.665740740234375 0.2859375 0.671296296875 0.284375 0.683333333984375 0.278125 0.688888888671875 0.275 0.708333333984375 0.2703125 0.712962962890625 0.270833333984375 0.733333333984375 0.278125 0.7481481484375 0.3171875 0.737037037109375 0.318229166015625 0.684259259765625
1 0.834375 0.42222222265625 0.844791666015625 0.412962962890625 0.866145833984375 0.425 0.878125 0.407407408203125 0.878645833984375 0.39722222265625 0.872395833984375 0.386111111328125 0.8640625 0.378703703125 0.822395833984375 0.37407407421875 0.8109375 0.381481482421875 0.8109375 0.403703703125 0.815625 0.40277777734375 0.828125 0.409259259765625 0.834375 0.42222222265625